0.999995	0.000784878	0.00315262	0.11015	-0.000787307	0.999999	0.000769301	0.0943543	-0.00315202	-0.000771779	0.999995	1.59341	
0.99994	0.00651565	0.0088355	0.331556	-0.00653864	0.999975	0.00257561	0.170378	-0.0088185	-0.00263322	0.999958	3.1762	
0.99943	0.00833326	0.0327125	0.42806	-0.00838758	0.999964	0.00152363	0.369114	-0.0326986	-0.00179714	0.999464	4.76087	
0.999068	0.00520331	0.0428483	0.589073	-0.00519101	0.999986	-0.00039833	0.539421	-0.0428498	0.000175533	0.999082	6.34361	
0.999036	0.00459472	0.0436483	0.762067	-0.00454237	0.999989	-0.00129851	0.666031	-0.0436538	0.001099	0.999046	7.92918	
0.999181	0.00344742	0.0403172	1.05895	-0.00338085	0.999993	-0.00171918	0.729708	-0.0403229	0.00158147	0.999185	9.50011	
0.999378	0.0017444	0.0352243	1.24496	-0.00167786	0.999997	-0.00191858	0.836284	-0.0352276	0.00185828	0.999378	11.0857	
0.999914	-0.00292564	0.0127961	1.45904	0.00296181	0.999992	-0.00280821	0.873979	-0.0127878	0.00284587	0.999914	12.6708	
0.99985	-0.00620911	-0.0161852	1.59575	0.00610317	0.99996	-0.00658632	1.06385	0.0162254	0.00648654	0.999847	14.2536	
0.999287	-0.000738126	-0.0377476	1.58883	0.000485845	0.999977	-0.00669211	1.08563	0.0377517	0.006669	0.999265	15.8535	
0.999239	-0.000801323	-0.0390087	1.79515	0.000488228	0.999968	-0.00803513	1.19592	0.0390139	0.00800997	0.999207	17.4363	
0.999462	0.00296447	-0.0326749	1.71006	-0.00315759	0.999978	-0.00586048	1.2872	0.0326568	0.0059605	0.999449	19.0314	
0.999605	0.00146469	-0.0280735	1.7093	-0.00163916	0.999979	-0.00619272	1.44515	0.0280639	0.00623629	0.999587	20.6236	
0.9997	0.00203357	-0.0244128	1.85132	-0.00212111	0.999991	-0.0035604	1.57406	0.0244053	0.00361111	0.999696	22.2121	
0.999794	0.00214445	-0.0201979	1.9262	-0.00219462	0.999995	-0.00246193	1.68351	0.0201925	0.00250575	0.999793	23.8066	
0.999741	0.0022651	-0.0226649	1.96973	-0.00229145	0.999997	-0.00113669	1.71945	0.0226623	0.00118833	0.999742	25.4056	
0.99986	0.00146717	-0.0166426	1.7632	-0.00151465	0.999995	-0.002841	2.00933	0.0166383	0.00286581	0.999857	26.9655	
0.999899	0.00371549	-0.0137377	1.72852	-0.00376326	0.999987	-0.00345307	2.19675	0.0137247	0.00350441	0.9999	28.5541	
0.99993	0.0071778	-0.00941986	1.62958	-0.00721385	0.999967	-0.00379837	2.34608	0.00939228	0.00386606	0.999948	30.144	
0.999941	0.00921758	-0.00581787	1.56706	-0.00925973	0.999931	-0.00725985	2.58672	0.00575055	0.00731329	0.999957	31.7246	
0.999907	0.012854	-0.00451326	1.51035	-0.0128783	0.999903	-0.00538338	2.62723	0.00444363	0.00544101	0.999975	33.3231	
0.999793	0.0191973	0.00672801	1.25559	-0.0190575	0.999613	-0.0202627	3.33171	-0.0071144	0.0201303	0.999772	34.7369	
0.999799	0.0169539	0.0106617	1.38732	-0.0167071	0.9996	-0.0228248	3.34761	-0.0110444	0.0226421	0.999683	36.3313	
0.999773	0.0148743	0.0152721	1.25983	-0.0145215	0.999631	-0.0229573	3.17714	-0.0156079	0.0227303	0.99962	37.9171	
0.999801	0.0137271	0.0145006	1.406	-0.0134029	0.999663	-0.022225	3.21043	-0.0148008	0.0220263	0.999648	39.5101	
0.9998	0.0146464	0.0136325	1.54991	-0.0143112	0.999601	-0.0243657	3.3872	-0.013984	0.0241657	0.99961	41.0938	
0.999798	0.0135013	0.0149185	1.75603	-0.0131091	0.999574	-0.0260818	3.47823	-0.0152643	0.0258809	0.999548	42.6778	
0.999833	0.0122668	0.0135303	1.97234	-0.011921	0.999608	-0.0253489	3.54883	-0.0138359	0.0251834	0.999587	44.2615	
0.9999	0.0129357	0.00570975	2.26989	-0.0127773	0.999555	-0.0269508	3.77558	-0.00605583	0.0268752	0.99962	45.8172	
0.999889	0.0131978	0.00685206	2.39792	-0.012991	0.999483	-0.0293974	3.93153	-0.0072365	0.0293051	0.999544	47.4044	
0.999772	0.0152477	0.0149632	2.54262	-0.0147892	0.999432	-0.030288	4.01926	-0.0154165	0.0300598	0.999429	48.9955	
0.999813	0.0157797	0.011162	2.81442	-0.0154168	0.999373	-0.031888	4.10629	-0.0116582	0.03171	0.999429	50.5698	
0.99988	0.0149196	0.00407717	2.93817	-0.0147894	0.999431	-0.0303003	4.18566	-0.00452692	0.0302364	0.999533	52.163	
0.99984	0.016936	-0.0058143	3.04663	-0.0171041	0.999398	-0.0301928	4.32242	0.00529946	0.0302874	0.999527	53.7535	
0.999806	0.014515	-0.0133171	3.0955	-0.0149063	0.999445	-0.0297755	4.38187	0.0128775	0.0299683	0.999468	55.3516	
0.999719	0.0143792	-0.0188358	3.13271	-0.0149024	0.999499	-0.0279367	4.42401	0.0184246	0.0282095	0.999432	56.9506	
0.999774	0.0125045	-0.0171797	3.33575	-0.0129841	0.999521	-0.0280959	4.48992	0.0168202	0.0283127	0.999458	58.5363	
0.999836	0.0139778	-0.0114869	3.42277	-0.0142926	0.999511	-0.0278018	4.53034	0.0110926	0.0279614	0.999547	60.1335	
0.999885	0.0128995	-0.00800203	3.59795	-0.0131277	0.999489	-0.0291485	4.55101	0.00762193	0.0292502	0.999543	61.7237	
0.999938	0.010379	-0.00409783	3.72208	-0.0105033	0.999446	-0.0315882	4.6159	0.0037677	0.0316292	0.999493	63.3176	
0.999911	0.010798	-0.00778586	3.81994	-0.0110427	0.999424	-0.0321025	4.73649	0.00743472	0.0321856	0.999454	64.91	
0.999878	0.0098727	-0.0120937	3.76368	-0.0102969	0.999316	-0.0355311	4.99461	0.0117347	0.0356513	0.999295	66.488	
0.999738	0.0124978	-0.0191967	3.84621	-0.0131528	0.999322	-0.0343806	5.0783	0.018754	0.0346241	0.999224	68.0837	
0.999681	0.0164177	-0.0192065	3.80061	-0.0170361	0.999327	-0.0324888	5.08101	0.0186601	0.0328056	0.999288	69.6831	
0.99969	0.0227827	-0.0100366	3.789	-0.0231345	0.999068	-0.0364531	5.36055	0.00919674	0.036674	0.999285	71.2584	
0.999745	0.0221655	-0.00425398	3.92571	-0.0223045	0.999103	-0.0359945	5.36406	0.00345233	0.0360803	0.999343	72.8526	
0.99978	0.0207541	0.00291285	4.01533	-0.020627	0.999049	-0.0384204	5.41795	-0.00370747	0.0383519	0.999257	74.4491	
0.999755	0.0210523	0.00680914	4.11721	-0.0207659	0.998996	-0.0396955	5.4633	-0.00763798	0.0395444	0.999189	76.0452	
0.999678	0.0245938	0.00629827	4.16467	-0.024328	0.998932	-0.0392739	5.50191	-0.00725744	0.039108	0.999209	77.6441	
0.999683	0.0245178	0.00573938	4.18717	-0.024282	0.99898	-0.0380631	5.52895	-0.00666675	0.0379117	0.999259	79.2437	
0.999737	0.0226909	0.00332162	4.38449	-0.022538	0.998926	-0.0404865	5.64869	-0.00423673	0.040401	0.999175	80.827	
0.999731	0.0231692	-0.00034342	4.51581	-0.023162	0.998773	-0.0437811	5.77191	-0.000671373	0.0437773	0.999041	82.4168	
0.999721	0.0236135	0.000600158	4.69471	-0.0235651	0.998778	-0.0434352	5.8392	-0.00162508	0.0434089	0.999056	84.0053	
0.999743	0.0223507	0.00368515	4.82057	-0.0221573	0.998692	-0.0460887	5.98242	-0.00471044	0.0459952	0.998931	85.5939	
0.999744	0.0212141	0.00790372	4.93589	-0.0208228	0.998693	-0.0466826	6.03208	-0.00888372	0.0465061	0.998879	87.189	
0.999768	0.0212647	0.00332097	5.06651	-0.021093	0.998755	-0.0452162	6.07934	-0.00427834	0.0451357	0.998972	88.783	
0.999784	0.0207528	0.00137057	5.16346	-0.0206665	0.998702	-0.0465633	6.10303	-0.00233511	0.0465249	0.998914	90.3798	
0.99984	0.0178779	0.000514935	5.33391	-0.0178348	0.998766	-0.0463441	6.13093	-0.00134283	0.0463275	0.998925	91.9705	
0.999879	0.0152604	-0.00311837	5.40623	-0.0153901	0.998779	-0.0469474	6.1369	0.00239812	0.0469897	0.998892	93.5688	
0.999884	0.0136916	-0.00665947	5.46775	-0.0140004	0.998711	-0.0487822	6.16591	0.00598298	0.0488698	0.998787	95.1674	
0.999821	0.0170233	-0.00826269	5.53126	-0.0174195	0.998572	-0.0505109	6.2525	0.00739102	0.0506458	0.998689	96.7638	
0.999734	0.0181691	-0.0141984	5.52022	-0.0188667	0.998538	-0.0506543	6.26673	0.0132573	0.0509087	0.998615	98.3637	
0.999763	0.0154959	-0.0152723	5.48345	-0.0161655	0.998868	-0.0447414	5.92237	0.0145617	0.0449777	0.998882	99.9258	
0.999852	0.012442	-0.0118615	5.58909	-0.0129727	0.998868	-0.0457635	5.96976	0.0112786	0.0459106	0.998882	101.522	
0.999869	0.0153334	-0.00510536	5.58101	-0.0155465	0.998879	-0.0447006	6.00233	0.00441422	0.0447741	0.998987	103.121	
0.999867	0.0158827	0.0036378	5.6711	-0.0157015	0.998847	-0.045362	6.06371	-0.00435407	0.0452988	0.998964	104.717	
0.999892	0.0140924	0.00421203	5.82813	-0.0138744	0.998753	-0.0479489	6.11861	-0.00488249	0.0478853	0.998841	106.309	
0.999751	0.0181039	0.0130194	5.74873	-0.0174531	0.998672	-0.0484736	6.23098	-0.0138797	0.0482344	0.99874	107.903	
0.999554	0.0164355	0.0249444	5.81638	-0.0152052	0.998696	-0.0487335	6.23606	-0.0257128	0.0483325	0.9985	109.501	
0.999385	0.0175677	0.0303629	5.92921	-0.015921	0.998433	-0.05365	6.39591	-0.0312578	0.0531336	0.998098	111.089	
0.999565	0.0188961	0.0226323	6.07183	-0.0176676	0.998422	-0.0533052	6.41417	-0.0236038	0.0528822	0.998322	112.683	
0.999732	0.0208502	0.0100453	6.16197	-0.0203046	0.998458	-0.0516598	6.49278	-0.0111069	0.051442	0.998614	114.278	
0.999812	0.0188924	0.00436897	6.24912	-0.0186595	0.998659	-0.0483002	6.51195	-0.00527562	0.0482096	0.998823	115.876	
0.999744	0.0224291	-0.00287262	6.22286	-0.0225379	0.998678	-0.0462047	6.52267	0.00183249	0.0462576	0.998928	117.476	
0.999652	0.023971	-0.0110535	6.21235	-0.0244364	0.998728	-0.0440947	6.55404	0.00998241	0.0443494	0.998966	119.075	
0.999644	0.0238799	-0.0119126	6.22005	-0.0243324	0.998927	-0.0394136	6.52225	0.0109586	0.0396894	0.999152	120.675	
0.999763	0.0212376	-0.00473174	6.23276	-0.0214189	0.998876	-0.0422934	6.59184	0.00382821	0.0423847	0.999094	122.274	
0.999784	0.0193475	-0.00755337	6.32639	-0.0196642	0.998821	-0.0443802	6.60542	0.00668581	0.0445192	0.998986	123.871	
0.999788	0.0201611	-0.00425734	6.34862	-0.0203441	0.998615	-0.0485148	6.62534	0.00327333	0.0485911	0.998813	125.47	
0.999824	0.0177337	0.006178	6.31652	-0.0173961	0.998549	-0.0509646	6.64601	-0.00707283	0.0508482	0.998681	127.07	
0.999753	0.0184124	0.0124309	6.44987	-0.0177322	0.998449	-0.0527736	6.72448	-0.0133833	0.0525401	0.998529	128.662	
0.999661	0.0217664	0.0143066	6.49378	-0.0210062	0.998463	-0.0512968	6.76841	-0.0154012	0.0509788	0.998581	130.261	
0.999273	0.0274701	0.026424	6.60098	-0.0261682	0.998485	-0.0484123	6.8086	-0.0277139	0.0476856	0.998478	131.857	
0.998483	0.0295172	0.0464795	6.74206	-0.0273471	0.998537	-0.0466511	6.82593	-0.0477885	0.0453093	0.997829	133.451	
0.996162	0.030663	0.0819875	6.08414	-0.0270277	0.998617	-0.0450874	6.88032	-0.0832566	0.0426984	0.995613	134.908	
0.995847	0.0282166	0.0865557	6.24694	-0.0246321	0.998805	-0.0422048	6.91103	-0.0876432	0.0398975	0.995353	136.5	
0.996252	0.0295466	0.0812906	6.39349	-0.0261151	0.998736	-0.042957	6.96687	-0.082457	0.0406731	0.995764	138.092	
0.998683	0.0246449	0.0450065	7.54499	-0.0225216	0.998637	-0.0470908	7.05734	-0.0461057	0.0460152	0.997876	139.199	
0.998842	0.0248204	0.0412136	7.56362	-0.0227587	0.998502	-0.0497631	7.06294	-0.042387	0.0487675	0.99791	140.799	
0.999725	0.0223469	0.00705489	8.72876	-0.0219891	0.99864	-0.0472723	6.85037	-0.00810169	0.0471041	0.998857	141.875	
0.999781	0.0208196	-0.00208637	8.79966	-0.020897	0.998573	-0.0491458	6.86984	0.0010602	0.0491787	0.998789	143.473	
0.999317	0.021573	-0.0300106	9.70369	-0.0231229	0.998364	-0.0522949	7.02136	0.0288333	0.0529531	0.998181	144.785	
0.997878	0.0237232	-0.0606348	10.6357	-0.0266293	0.998513	-0.0475772	6.89691	0.0594159	0.0490909	0.997025	146.079	
0.997324	0.0239188	-0.0690915	10.9733	-0.0269652	0.998689	-0.0435016	6.80313	0.0679604	0.0452483	0.996661	147.64	
0.997181	0.030508	-0.0685548	10.9262	-0.0337455	0.998345	-0.0465734	7.13984	0.0670205	0.0487555	0.99656	149.204	
0.996325	0.0308177	-0.0799127	11.5999	-0.0345281	0.998369	-0.0454731	7.22007	0.0783809	0.0480652	0.995764	150.653	
0.996598	0.0329088	-0.0755544	11.6125	-0.0365559	0.998207	-0.0474057	7.27827	0.0738588	0.0500064	0.996014	152.252	
0.996461	0.0314221	-0.0779589	11.8814	-0.0358622	0.997774	-0.0562243	7.66322	0.0760187	0.0588211	0.99537	153.781	
0.996248	0.0262666	-0.0824634	11.8631	-0.0311436	0.997806	-0.0584227	7.69175	0.0807479	0.0607717	0.99488	155.381	
0.995576	0.0203672	-0.0917287	11.8562	-0.026227	0.99766	-0.0631364	7.76866	0.0902282	0.0652628	0.99378	156.979	
0.994602	0.0159447	-0.102527	11.7251	-0.0227952	0.99756	-0.0659955	7.83793	0.101224	0.0679764	0.992539	158.572	
0.99275	0.0156474	-0.119174	11.5408	-0.0231933	0.997794	-0.062197	7.75823	0.117938	0.0645101	0.990923	160.159	
0.991531	0.0168694	-0.128768	11.3687	-0.024967	0.997793	-0.0615325	7.73779	0.127445	0.0642264	0.989764	161.75	
0.990547	0.0169687	-0.136117	11.2728	-0.0259592	0.997577	-0.0645486	7.89641	0.134692	0.0674719	0.988588	163.339	
0.989536	0.0165869	-0.143332	11.2471	-0.0308281	0.994737	-0.097717	8.77534	0.140956	0.101113	0.984839	164.676	
0.989442	0.0172088	-0.143907	11.1988	-0.0323257	0.994117	-0.103378	8.88977	0.141281	0.106939	0.984177	166.271	
0.990035	0.0175024	-0.139733	11.1717	-0.0315378	0.9946	-0.0988713	8.68256	0.137248	0.102293	0.985241	167.857	
0.990593	0.0172686	-0.135747	11.2164	-0.0310778	0.994474	-0.100277	8.76678	0.133265	0.103553	0.985656	169.455	
0.99225	0.019268	-0.122753	11.1259	-0.0321125	0.994107	-0.103534	8.84125	0.120035	0.106673	0.987022	171.05	
0.994531	0.0216441	-0.102173	10.8555	-0.033322	0.992921	-0.114011	9.14429	0.0989819	0.116792	0.988212	172.598	
0.996544	0.0256997	-0.0789928	10.9022	-0.0339677	0.993874	-0.105174	8.93372	0.0758059	0.107494	0.991312	174.183	
0.998893	0.0298196	-0.0363824	10.8096	-0.0335517	0.993725	-0.106704	9.00668	0.0329722	0.107806	0.993625	175.779	
0.999907	0.00397035	0.0130381	10.9172	-0.00245496	0.993449	-0.114251	9.05698	-0.0134063	0.114208	0.993366	177.375	
0.999144	0.0122694	0.0395175	11.602	-0.0076449	0.993323	-0.115116	9.12413	-0.0406661	0.114715	0.992566	178.819	
0.982807	0.0298656	0.182206	10.2922	-0.00873504	0.993247	-0.115688	9.10237	-0.18443	0.112107	0.976431	179.738	
0.982807	0.0298656	0.182206	10.0007	-0.00873504	0.993247	-0.115688	9.28747	-0.18443	0.112107	0.976431	178.175	
0.982807	0.0298656	0.182206	9.70913	-0.00873504	0.993247	-0.115688	9.47257	-0.18443	0.112107	0.976431	176.613	
0.972476	0.0324436	0.230732	8.41921	-0.00626752	0.993542	-0.113288	9.34926	-0.232918	0.108724	0.9664	177.552	
0.939275	0.0380551	0.341049	7.08254	0.0028008	0.992949	-0.11851	9.36038	-0.343154	0.112268	0.932546	178.431	
0.924546	0.0446527	0.378445	5.86659	-0.00120324	0.993448	-0.114277	9.14426	-0.381068	0.105199	0.918543	179.448	
0.886161	0.0532982	0.460302	4.4135	0.00232381	0.992839	-0.119434	9.19116	-0.463371	0.106908	0.879692	180.116	
0.862397	0.05469	0.503271	3.14625	0.00788641	0.992575	-0.121376	9.23095	-0.506172	0.108643	0.855562	181.092	
0.842543	0.051792	0.536134	1.7352	0.0163434	0.99245	-0.121557	9.24884	-0.538382	0.111179	0.835335	181.846	
0.753654	0.0576326	0.65474	0.30814	0.021376	0.993472	-0.112054	9.16176	-0.656924	0.0984459	0.747502	182.565	
0.696324	0.0573573	0.715432	-1.14163	0.0254422	0.994203	-0.104469	9.04556	-0.717277	0.0909467	0.690828	183.231	
0.672534	0.0760031	0.736153	-1.95671	0.00709665	0.994005	-0.109108	9.26062	-0.740032	0.0786031	0.667963	181.872	
0.577251	0.081406	0.812499	-2.61031	0.012913	0.993984	-0.108764	9.36125	-0.816465	0.0732756	0.572727	183.328	
0.514187	0.0850326	0.853453	-4.20931	0.015804	0.993965	-0.108554	9.40405	-0.857533	0.0693049	0.50974	183.365	
0.514187	0.0850326	0.853453	-5.57484	0.015804	0.993965	-0.108554	9.57773	-0.857533	0.0693049	0.50974	182.55	
0.514187	0.0850326	0.853453	-6.94036	0.015804	0.993965	-0.108554	9.75142	-0.857533	0.0693049	0.50974	181.734	
0.514187	0.0850326	0.853453	-8.30588	0.015804	0.993965	-0.108554	9.92511	-0.857533	0.0693049	0.50974	180.919	
0.466248	0.0843327	0.880625	-7.83176	0.021906	0.99404	-0.106792	9.75043	-0.884383	0.0690826	0.461622	182.437	
0.438216	0.0664231	0.896412	-9.28661	0.0293859	0.995674	-0.0881437	9.5908	-0.898389	0.0649678	0.434368	181.79	
0.402815	0.0655299	0.912933	-10.8223	0.0326147	0.995773	-0.0858667	9.61395	-0.9147	0.0643634	0.398974	181.342	
0.375333	0.064647	0.924633	-9.23866	0.0373642	0.995699	-0.0847827	9.61655	-0.926137	0.0663699	0.371303	181.57	
-0.0596901	-0.132053	0.989444	-10.7937	-0.0742599	-0.987877	-0.136324	9.79504	0.995451	-0.0816131	0.0491603	181.238	
-0.0756317	-0.133303	0.988185	-9.22438	-0.069929	-0.987875	-0.138613	9.65835	0.994681	-0.0795864	0.0653929	181.518	
-0.0932669	-0.134267	0.986546	-10.7762	-0.068836	-0.987625	-0.140922	9.90092	0.993259	-0.0810532	0.0828703	181.214	
-0.108061	-0.134881	0.984952	-9.19883	-0.0680924	-0.987422	-0.14269	9.69606	0.99181	-0.0824868	0.097517	181.386	
-0.117202	-0.134182	0.984002	-7.69758	-0.0674191	-0.987469	-0.142685	9.25847	0.990817	-0.0830635	0.106687	181.725	
-0.120604	-0.134569	0.983538	-6.1745	-0.0680188	-0.987321	-0.143427	8.88563	0.990368	-0.0841968	0.109921	182.043	
-0.117307	-0.134286	0.983975	-4.61375	-0.0717697	-0.987078	-0.143266	8.62952	0.990499	-0.0874257	0.106153	182.285	
-0.105281	-0.134062	0.985365	-3.04307	-0.0745073	-0.987023	-0.142248	8.36749	0.991647	-0.0883929	0.0939263	182.441	
-0.0935176	-0.134182	0.986534	-1.50087	-0.0739587	-0.987203	-0.141284	7.94332	0.992867	-0.0861754	0.0823969	182.482	
-0.0890812	-0.135456	0.986771	-0.0101392	-0.0667843	-0.987667	-0.141608	7.55086	0.993783	-0.0785154	0.0789363	182.911	
-0.0947417	-0.138172	0.985866	1.54825	-0.0654841	-0.987311	-0.144667	7.21641	0.993346	-0.0782645	0.0844915	183.051	
-0.0331729	-0.187084	0.981784	1.92453	-0.0719482	-0.979329	-0.189048	8.00427	0.996857	-0.0769088	0.0190267	184.391	
-0.0313562	-0.186825	0.981893	3.47241	-0.0708589	-0.979488	-0.188631	7.61069	0.996993	-0.0754906	0.0174748	184.487	
-0.0363973	-0.188382	0.981421	5.03337	-0.0705818	-0.979135	-0.190561	7.2678	0.996842	-0.0762063	0.0223416	184.564	
-0.0433065	-0.188791	0.981062	6.57644	-0.0698075	-0.979011	-0.191478	6.84626	0.99662	-0.0767777	0.0292185	184.599	
-0.0504842	-0.189834	0.980517	8.14618	-0.0674316	-0.978881	-0.192989	6.5717	0.996446	-0.0758607	0.0366172	184.742	
-0.0572797	-0.188649	0.980373	9.69209	-0.0675942	-0.978999	-0.192334	6.15923	0.996067	-0.0772844	0.0433252	184.747	
-0.0597427	-0.190349	0.979897	11.2747	-0.0660044	-0.978749	-0.19415	5.92539	0.996029	-0.0762766	0.0459092	184.77	
-0.0662741	-0.191081	0.979334	12.8085	-0.0615844	-0.978838	-0.195151	5.47457	0.995899	-0.0732452	0.053104	184.835	
-0.0724863	-0.193092	0.978499	14.3421	-0.0584218	-0.978574	-0.197435	5.05798	0.995657	-0.071477	0.0596523	185.022	
-0.0810845	-0.193873	0.97767	15.8841	-0.0553423	-0.978511	-0.198629	4.64514	0.99517	-0.0702123	0.0686127	185.13	
-0.0920272	-0.194979	0.976481	17.4381	-0.0550902	-0.978143	-0.200502	4.2768	0.994231	-0.0722462	0.0792744	185.227	
-0.0962239	-0.19572	0.975928	18.9372	-0.0568882	-0.977793	-0.201703	3.72807	0.993733	-0.0749274	0.0829529	185.334	
-0.0848903	-0.196901	0.976741	20.4928	-0.0620313	-0.977334	-0.202411	3.42168	0.994458	-0.0777713	0.0707521	185.549	
-0.0767457	-0.19701	0.977393	22.0459	-0.0641473	-0.977278	-0.202024	3.03797	0.994985	-0.0782016	0.0623642	185.573	
-0.070178	-0.193514	0.978584	23.5088	-0.0702429	-0.977609	-0.198358	2.40434	0.995058	-0.0826591	0.0550137	185.709	
-0.0472013	-0.193148	0.980034	25.05	-0.0728694	-0.977847	-0.196227	1.9838	0.996224	-0.0806766	0.0320811	185.798	
-0.0322709	-0.193614	0.980547	26.5773	-0.0736656	-0.977929	-0.195522	1.51921	0.996761	-0.0785422	0.0172959	185.906	
-0.0243374	-0.193592	0.98078	28.1378	-0.0750781	-0.977946	-0.194895	1.2122	0.996881	-0.0783783	0.00926617	186.08	
-0.0206035	-0.19242	0.981096	29.6857	-0.0778248	-0.978018	-0.193451	0.812255	0.996754	-0.0803394	0.00517555	186.144	
-0.00940331	-0.191406	0.981466	31.2172	-0.0840555	-0.977884	-0.191513	0.370079	0.996417	-0.0842985	-0.00689341	186.281	
0.0108627	-0.191381	0.981456	32.7418	-0.0859358	-0.978061	-0.189768	-0.111644	0.996241	-0.0822808	-0.0270709	186.219	
0.0158103	-0.19036	0.981587	34.2486	-0.0858244	-0.978345	-0.188349	-0.646082	0.996185	-0.0812662	-0.0318055	186.159	
0.0168914	-0.191389	0.981369	35.7983	-0.0866235	-0.978099	-0.18926	-1.04289	0.996098	-0.0818127	-0.0331002	186.126	
0.0120138	-0.192555	0.981213	37.3401	-0.0852608	-0.977907	-0.190863	-1.42387	0.996286	-0.081366	-0.0281658	185.932	
0.00297031	-0.192552	0.981282	38.8786	-0.0809237	-0.978115	-0.191685	-1.85426	0.996716	-0.0788396	-0.0184873	185.843	
-0.0118172	-0.193941	0.980942	40.4261	-0.0745526	-0.978109	-0.194279	-2.25435	0.997147	-0.0754276	-0.00290026	185.915	
-0.0371073	-0.193524	0.980394	41.9734	-0.0747153	-0.977786	-0.195837	-2.64523	0.996514	-0.0805173	0.0218238	186.029	
-0.0457941	-0.193911	0.97995	43.5078	-0.0736705	-0.977652	-0.196899	-3.07168	0.996231	-0.0812102	0.0304852	186.183	
-0.044882	-0.191952	0.980378	45.0249	-0.0777911	-0.977715	-0.194992	-3.52254	0.995959	-0.0850163	0.0289497	186.418	
-0.0413747	-0.191445	0.980631	46.558	-0.0771705	-0.977927	-0.194173	-3.98008	0.996159	-0.0837096	0.0256876	186.427	
-0.0371704	-0.190707	0.980943	48.0985	-0.0750966	-0.978313	-0.193042	-4.41158	0.996483	-0.0808409	0.0220427	186.454	
-0.0296018	-0.191345	0.981076	49.6261	-0.0742184	-0.978376	-0.193058	-4.88734	0.996803	-0.0785288	0.0147604	186.457	
-0.0266058	-0.190606	0.981306	51.1672	-0.0778188	-0.97828	-0.192128	-5.31073	0.996612	-0.0814758	0.0111952	186.533	
-0.0220177	-0.187679	0.981984	52.7082	-0.0791823	-0.978809	-0.188848	-5.73181	0.996617	-0.0819137	0.00669026	186.623	
-0.0192937	-0.186305	0.982303	54.2426	-0.0825818	-0.978831	-0.187268	-6.14805	0.996398	-0.0847334	0.00349992	186.802	
-0.0137814	-0.184859	0.982668	55.7885	-0.0826163	-0.979191	-0.185364	-6.54731	0.996486	-0.083739	-0.00177773	186.906	
-0.00584072	-0.183747	0.982956	57.3363	-0.0842695	-0.979386	-0.183581	-6.95283	0.996426	-0.0839055	-0.00976398	186.909	
-0.000524965	-0.181901	0.983317	58.8781	-0.0850198	-0.979748	-0.181286	-7.37527	0.996379	-0.0836966	-0.0149508	186.843	
0.00429234	-0.180558	0.983555	60.4313	-0.0858124	-0.980002	-0.179532	-7.75925	0.996302	-0.0836306	-0.0197006	186.855	
0.00602841	-0.181001	0.983464	61.9622	-0.0842375	-0.980078	-0.179862	-8.20687	0.996427	-0.0817603	-0.0211554	186.981	
-0.0133086	-0.183426	0.982943	63.5093	-0.076645	-0.979951	-0.183906	-8.6021	0.99697	-0.0777852	-0.00101698	187.081	
-0.0246484	-0.182925	0.982818	65.0393	-0.0775751	-0.979802	-0.184309	-9.06133	0.996682	-0.0807851	0.00996011	187.172	
-0.0310094	-0.182355	0.982744	66.579	-0.0752815	-0.979998	-0.184221	-9.4796	0.99668	-0.079695	0.0166612	187.292	
-0.0364087	-0.183003	0.982438	68.1207	-0.0773576	-0.979624	-0.185346	-9.85828	0.996338	-0.0827472	0.0215102	187.492	
-0.0205059	-0.182053	0.983075	69.6556	-0.0783749	-0.979963	-0.183111	-10.3005	0.996713	-0.0808032	0.00582669	187.584	
-0.0117976	-0.183315	0.982983	71.2035	-0.0781641	-0.979875	-0.183673	-10.705	0.996871	-0.0790009	-0.00276844	187.606	
-0.0144828	-0.18528	0.982579	72.7487	-0.0785212	-0.979437	-0.185845	-11.1066	0.996807	-0.0798448	-0.000363449	187.71	
-0.0172624	-0.187946	0.982028	74.2823	-0.0799507	-0.978769	-0.188728	-11.5622	0.996649	-0.0817717	0.00186952	187.734	
-0.0160589	-0.189639	0.981723	75.8081	-0.0811377	-0.978364	-0.190317	-12.0408	0.996574	-0.082711	0.000324561	187.786	
-0.0206877	-0.190325	0.981503	77.3152	-0.0765905	-0.978527	-0.191362	-12.5781	0.996848	-0.0791327	0.00566637	187.786	
-0.0301541	-0.192735	0.980787	78.8711	-0.0729447	-0.978193	-0.194468	-12.9395	0.99688	-0.0774072	0.0154375	187.878	
-0.0364548	-0.195179	0.98009	80.4328	-0.0713024	-0.977734	-0.197362	-13.2276	0.996788	-0.0770775	0.0217264	188.074	
-0.0445964	-0.193553	0.980076	81.9744	-0.0723594	-0.977849	-0.196406	-13.651	0.996381	-0.0796767	0.0296031	188.14	
-0.0504833	-0.193078	0.979884	83.5189	-0.0718288	-0.977892	-0.196386	-14.0412	0.996139	-0.0802981	0.0354987	188.289	
-0.0535078	-0.193745	0.979592	85.0693	-0.0728576	-0.977625	-0.197336	-14.4053	0.995906	-0.0819297	0.0381947	188.442	
-0.0497618	-0.194044	0.97973	86.5667	-0.0805157	-0.976973	-0.197587	-14.7346	0.99551	-0.088716	0.0329923	188.9	
-0.0413814	-0.194407	0.980048	88.1157	-0.0805934	-0.977042	-0.197214	-15.1262	0.995888	-0.0871463	0.0247634	188.984	
-0.0366025	-0.194712	0.980177	89.6572	-0.0823302	-0.976913	-0.197138	-15.5441	0.995933	-0.087914	0.0197268	189.081	
-0.0316838	-0.191984	0.980887	91.1955	-0.0860548	-0.977211	-0.194044	-15.9747	0.995786	-0.0905581	0.0144406	189.172	
-0.0250312	-0.190325	0.981402	92.7431	-0.0833875	-0.977891	-0.191771	-16.3798	0.996203	-0.0866369	0.00860704	189.2	
-0.0211301	-0.190365	0.981486	94.242	-0.0877016	-0.977568	-0.191493	-16.8033	0.995923	-0.0901241	0.00396079	189.566	
-0.0210767	-0.191211	0.981323	95.7836	-0.0889535	-0.977289	-0.192336	-17.2291	0.995813	-0.0913459	0.00358908	189.522	
-0.0245422	-0.190203	0.981438	97.3105	-0.087805	-0.97753	-0.191641	-17.6942	0.995835	-0.0908785	0.00728998	189.632	
-0.0323036	-0.189524	0.981345	98.8142	-0.0824939	-0.978001	-0.191594	-18.2112	0.996068	-0.0871441	0.0159584	189.81	
-0.0405392	-0.189866	0.980973	100.265	-0.0811228	-0.977913	-0.192626	-18.6945	0.995879	-0.0873882	0.0242413	190.282	
-0.0561441	-0.195071	0.979181	101.86	-0.0857273	-0.976164	-0.199385	-18.8126	0.994735	-0.0951368	0.0380829	190.23	
-0.0513858	-0.193158	0.979821	103.389	-0.0903517	-0.976195	-0.197181	-19.271	0.994583	-0.0986609	0.0327104	190.332	
-0.0391455	-0.19122	0.980766	104.928	-0.0940306	-0.976458	-0.194133	-19.6933	0.994799	-0.0998215	0.0202434	190.441	
-0.0307799	-0.190027	0.981296	106.485	-0.0945366	-0.976807	-0.192123	-20.0617	0.995045	-0.0986819	0.0121016	190.473	
-0.0255838	-0.191619	0.981136	108.019	-0.0963297	-0.976417	-0.193209	-20.5046	0.995021	-0.0994555	0.00652189	190.576	
-0.0140153	-0.191246	0.981442	109.517	-0.0984429	-0.976506	-0.19169	-21.0351	0.995044	-0.0993026	-0.0051408	190.766	
0.00872323	-0.191256	0.981501	111.047	-0.10008	-0.976777	-0.189446	-21.4893	0.994941	-0.0965765	-0.0276617	190.879	
0.0181705	-0.191863	0.981254	112.579	-0.102851	-0.976568	-0.189042	-21.9363	0.994531	-0.0974882	-0.0374781	190.982	
0.0242326	-0.191781	0.981138	114.113	-0.106233	-0.976364	-0.188224	-22.3895	0.994046	-0.0996682	-0.0440334	191.041	
0.0351027	-0.189393	0.981274	115.667	-0.106448	-0.977002	-0.18476	-22.7474	0.993698	-0.0979695	-0.0544559	190.918	
0.0389184	-0.186488	0.981686	117.209	-0.108109	-0.977449	-0.181398	-23.1698	0.993377	-0.099069	-0.0582018	190.849	
0.0367755	-0.183444	0.982342	118.704	-0.105622	-0.978214	-0.178719	-23.7394	0.993726	-0.0971845	-0.05535	190.82	
0.0290179	-0.18458	0.982389	120.27	-0.104165	-0.97801	-0.18068	-24.0602	0.994137	-0.0970879	-0.0476066	190.883	
0.0215041	-0.184349	0.982626	121.819	-0.101664	-0.978161	-0.181287	-24.4605	0.994586	-0.0959995	-0.0397763	190.924	
0.0152134	-0.186193	0.982395	123.385	-0.100541	-0.977814	-0.183768	-24.7897	0.994817	-0.095975	-0.0335959	190.925	
0.0121414	-0.187608	0.982169	124.933	-0.101264	-0.977422	-0.18545	-25.1927	0.994786	-0.0972067	-0.0308652	190.899	
0.00910779	-0.185193	0.98266	126.479	-0.0994889	-0.977993	-0.183391	-25.5923	0.994997	-0.0960935	-0.027332	190.807	
0.00609229	-0.18274	0.983142	128.018	-0.100955	-0.97825	-0.181205	-26.0282	0.994872	-0.0981488	-0.0244083	190.858	
0.000189803	-0.183575	0.983006	129.562	-0.101881	-0.977894	-0.1826	-26.4441	0.994797	-0.100115	-0.0188884	190.912	
-0.00354539	-0.183332	0.983045	131.093	-0.104143	-0.977638	-0.182699	-26.9097	0.994556	-0.103025	-0.0156266	190.937	
-0.0046863	-0.183538	0.983001	132.639	-0.102932	-0.977702	-0.183039	-27.3168	0.994677	-0.10204	-0.0143101	190.982	
-0.00932405	-0.183594	0.982958	134.187	-0.103548	-0.977539	-0.183564	-27.7228	0.994581	-0.103495	-0.00989621	190.994	
-0.0116393	-0.18447	0.982769	135.721	-0.100025	-0.977691	-0.184701	-28.1728	0.994917	-0.100451	-0.00707193	191.064	
-0.0145995	-0.184727	0.982681	137.278	-0.0993316	-0.977657	-0.185258	-28.5383	0.994947	-0.100316	-0.00407588	191.114	
-0.0200523	-0.181544	0.983178	138.813	-0.100851	-0.977993	-0.182643	-28.9862	0.994699	-0.102817	0.00130226	191.087	
-0.0276929	-0.180325	0.983217	140.364	-0.0978529	-0.978381	-0.182195	-29.3786	0.994816	-0.101256	0.00944885	191.14	
-0.0344656	-0.180095	0.983045	141.918	-0.097752	-0.978306	-0.182654	-29.7406	0.994614	-0.10239	0.0161133	191.255	
-0.0374653	-0.178114	0.983296	143.43	-0.103382	-0.978016	-0.181096	-30.256	0.993936	-0.10844	0.0182278	191.34	
-0.035021	-0.177281	0.983537	144.975	-0.112096	-0.977234	-0.180136	-30.6741	0.99308	-0.116559	0.0143513	191.337	
-0.0191259	-0.178418	0.983769	146.521	-0.115143	-0.977009	-0.17943	-31.0844	0.993165	-0.116706	-0.00185744	191.358	
-0.0154958	-0.179191	0.983692	148.074	-0.113757	-0.977107	-0.179783	-31.4678	0.993388	-0.114687	-0.0052431	191.404	
-0.0195826	-0.182552	0.983001	149.653	-0.112905	-0.976497	-0.183593	-31.6665	0.993413	-0.114581	-0.00148866	191.571	
-0.0229	-0.180992	0.983218	151.167	-0.116276	-0.976319	-0.182431	-32.1564	0.992953	-0.118502	0.00131266	191.737	
-0.0292234	-0.17951	0.983322	152.695	-0.113942	-0.976732	-0.181693	-32.599	0.993057	-0.117352	0.00808972	191.904	
-0.0387981	-0.178077	0.983251	154.256	-0.112843	-0.976917	-0.181382	-32.9435	0.992855	-0.11799	0.0178078	191.978	
-0.0463187	-0.177132	0.983097	155.791	-0.113979	-0.976788	-0.181366	-33.3603	0.992403	-0.120453	0.0250542	192.148	
-0.0492929	-0.179416	0.982538	157.351	-0.112227	-0.976509	-0.183945	-33.7148	0.992459	-0.119334	0.0279996	192.108	
-0.0435926	-0.179375	0.982814	158.891	-0.113121	-0.976537	-0.183247	-34.147	0.992624	-0.119165	0.0222787	192.134	
-0.0396319	-0.180213	0.982829	160.438	-0.114438	-0.976311	-0.183632	-34.5542	0.992639	-0.119751	0.0180698	192.149	
-0.0321019	-0.181244	0.982914	161.99	-0.117954	-0.975862	-0.183796	-34.943	0.9925	-0.121839	0.00994858	192.164	
-0.0220165	-0.18088	0.983259	163.523	-0.120822	-0.975807	-0.182214	-35.3846	0.99243	-0.122811	-0.00037041	192.293	
-0.01264	-0.177881	0.983971	165.007	-0.12256	-0.976354	-0.178079	-35.9597	0.992381	-0.122846	-0.00946001	192.451	
-0.00918303	-0.176355	0.984284	166.546	-0.124399	-0.976477	-0.176117	-36.3958	0.99219	-0.124062	-0.0129715	192.51	
-0.0116381	-0.173656	0.984738	168.061	-0.130836	-0.976073	-0.173674	-36.9081	0.991336	-0.13086	-0.0113608	192.549	
-0.0176879	-0.174386	0.984518	169.616	-0.1284	-0.976123	-0.175206	-37.2814	0.991565	-0.129511	-0.00512573	192.591	
-0.0188285	-0.173569	0.984642	171.14	-0.123894	-0.976821	-0.174559	-37.7651	0.992117	-0.125278	-0.00311197	192.643	
-0.0175332	-0.174238	0.984547	172.681	-0.12255	-0.9769	-0.175067	-38.1929	0.992307	-0.123726	-0.0042247	192.7	
-0.0217686	-0.173927	0.984518	174.224	-0.123486	-0.976743	-0.175284	-38.6144	0.992108	-0.12539	-0.000215231	192.757	
-0.0280387	-0.171647	0.984759	175.766	-0.12502	-0.976809	-0.173821	-39.0399	0.991758	-0.127988	0.00592916	192.748	
-0.0292713	-0.168218	0.985315	177.309	-0.127126	-0.977106	-0.170593	-39.4536	0.991455	-0.130253	0.00721624	192.841	
-0.0283969	-0.16936	0.985145	178.857	-0.124886	-0.97722	-0.171597	-39.8427	0.991765	-0.127903	0.0065994	192.947	
-0.0276831	-0.160312	0.986678	180.128	-0.120106	-0.979372	-0.162495	-40.8122	0.992375	-0.123005	0.00785753	192.884	
-0.0245506	-0.159702	0.98686	181.646	-0.120923	-0.979435	-0.161509	-41.3021	0.992358	-0.123299	0.00473413	193.009	
-0.0194992	-0.161466	0.986686	183.207	-0.120283	-0.979327	-0.162639	-41.651	0.992548	-0.121853	-0.00032564	193.068	
-0.0175122	-0.163234	0.986432	184.768	-0.120888	-0.979	-0.164151	-41.9721	0.992512	-0.122122	-0.00258859	193.203	
-0.0181774	-0.163961	0.986299	186.332	-0.116492	-0.979397	-0.16496	-42.3057	0.993025	-0.117894	-0.0012972	193.272	
-0.0215383	-0.162314	0.986504	187.883	-0.113544	-0.979952	-0.163715	-42.6986	0.993299	-0.115538	0.00267664	193.3	
-0.028979	-0.160911	0.986543	189.406	-0.112037	-0.980216	-0.16317	-43.1653	0.993281	-0.115258	0.0103777	193.443	
-0.0320526	-0.159484	0.98668	190.953	-0.112873	-0.980294	-0.162118	-43.5637	0.993092	-0.116566	0.0134195	193.537	
-0.0351012	-0.162443	0.986093	192.526	-0.111553	-0.979898	-0.165393	-43.8571	0.993138	-0.115807	0.0162746	193.55	
-0.0389403	-0.164393	0.985626	194.081	-0.108653	-0.979829	-0.167719	-44.2271	0.993317	-0.113622	0.0202931	193.614	
-0.0441222	-0.16562	0.985202	195.629	-0.109186	-0.979456	-0.169543	-44.6193	0.993042	-0.115051	0.0251324	193.715	
-0.0413585	-0.165974	0.985262	197.155	-0.111154	-0.979221	-0.169622	-45.0163	0.992942	-0.116531	0.0220504	193.985	
-0.038744	-0.166544	0.985273	198.713	-0.111533	-0.979131	-0.169892	-45.3683	0.993005	-0.116472	0.0193603	194.088	
-0.0424281	-0.168201	0.984839	200.284	-0.112564	-0.978646	-0.171993	-45.6491	0.992738	-0.118155	0.0225886	194.203	
-0.0482571	-0.16579	0.98498	201.847	-0.113165	-0.978872	-0.170306	-45.9799	0.992404	-0.119684	0.0284758	194.13	
-0.0509301	-0.165824	0.984839	203.393	-0.1142	-0.978684	-0.170694	-46.3782	0.992151	-0.121162	0.0309073	194.234	
-0.0433444	-0.166074	0.98516	204.934	-0.111075	-0.979172	-0.169952	-46.7682	0.992866	-0.116793	0.0239949	194.419	
-0.0316495	-0.16509	0.985771	206.48	-0.116284	-0.978959	-0.167682	-47.1768	0.992712	-0.119936	0.0117863	194.482	
-0.024948	-0.165366	0.985917	208.022	-0.122496	-0.978286	-0.167186	-47.5787	0.992155	-0.124941	0.00414963	194.619	
-0.0140652	-0.167029	0.985852	209.559	-0.128274	-0.977501	-0.167444	-47.9943	0.991639	-0.128814	-0.00767673	194.782	
0.00391107	-0.167135	0.985926	211.112	-0.133815	-0.977154	-0.165117	-48.3799	0.990999	-0.131286	-0.0261869	194.772	
0.0196261	-0.166482	0.985849	212.667	-0.134737	-0.977485	-0.162387	-48.7551	0.990687	-0.129643	-0.0416155	194.74	
0.0233468	-0.162883	0.986369	214.089	-0.121671	-0.979767	-0.158913	-49.4796	0.992296	-0.116302	-0.0426925	194.849	
0.0139263	-0.164856	0.986219	215.66	-0.119997	-0.979462	-0.162032	-49.7817	0.992677	-0.116087	-0.0334226	194.89	
0.00137819	-0.163514	0.98654	217.212	-0.115563	-0.979957	-0.162261	-50.1711	0.993299	-0.113783	-0.0202467	194.907	
-0.0103313	-0.160046	0.987055	218.729	-0.113729	-0.980515	-0.160176	-50.6792	0.993458	-0.113911	-0.00807188	194.887	
-0.0206294	-0.160312	0.986851	220.289	-0.111919	-0.980487	-0.161618	-51.029	0.993503	-0.113782	0.00228489	194.94	
-0.0285279	-0.161157	0.986516	221.847	-0.111188	-0.980282	-0.163354	-51.3776	0.99339	-0.114349	0.0100467	195.04	
-0.0314861	-0.159974	0.986619	223.393	-0.113711	-0.980126	-0.16255	-51.7915	0.993015	-0.117308	0.0126695	195.054	
-0.0255297	-0.159961	0.986793	224.947	-0.114357	-0.980167	-0.161846	-52.1709	0.993112	-0.116979	0.00673061	195.099	
-0.0178315	-0.154036	0.987904	226.3	-0.117538	-0.980888	-0.155063	-52.8861	0.992908	-0.118881	-0.000614341	195.565	
-0.0161839	-0.1568	0.987498	227.876	-0.11951	-0.980244	-0.157606	-53.1334	0.992701	-0.120567	-0.00287501	195.692	
-0.017787	-0.156164	0.987571	229.366	-0.116546	-0.98067	-0.157172	-53.7043	0.993026	-0.117893	-0.000757103	195.799	
-0.0229641	-0.157351	0.987276	230.91	-0.116869	-0.980343	-0.158965	-54.0896	0.992882	-0.119032	0.00412328	195.965	
-0.0276551	-0.159064	0.986881	232.442	-0.113668	-0.980355	-0.161197	-54.5212	0.993134	-0.116634	0.00903142	196.128	
-0.0319892	-0.161593	0.986339	234.021	-0.117851	-0.97935	-0.16427	-54.7773	0.992516	-0.121496	0.0122848	196.085	
-0.0216906	-0.161285	0.986669	235.576	-0.123007	-0.978973	-0.162731	-55.1536	0.992169	-0.124897	0.00139538	196.122	
-0.0103228	-0.160894	0.986918	237.113	-0.12428	-0.979111	-0.160921	-55.5958	0.992194	-0.124315	-0.00988872	196.165	
0.000406589	-0.161127	0.986934	238.684	-0.12911	-0.978682	-0.159727	-55.8958	0.99163	-0.127358	-0.0212011	196.109	
0.00995176	-0.160982	0.986907	240.239	-0.13212	-0.978515	-0.158281	-56.2688	0.991184	-0.128815	-0.0310069	196.081	
0.0154663	-0.159669	0.987049	241.801	-0.133886	-0.978608	-0.156205	-56.6144	0.990876	-0.129736	-0.0365128	196.06	
0.019471	-0.156975	0.987411	243.35	-0.135422	-0.978911	-0.152953	-57.0053	0.990597	-0.130739	-0.0403183	195.975	
0.0192365	-0.157636	0.98731	244.921	-0.130224	-0.979476	-0.153848	-57.3105	0.991298	-0.125612	-0.0393696	195.942	
0.0100016	-0.158102	0.987372	246.473	-0.127784	-0.979528	-0.155552	-57.688	0.991752	-0.124615	-0.0299998	196.038	
-0.0135207	-0.157275	0.987462	248.043	-0.125285	-0.979504	-0.157723	-57.9943	0.992029	-0.125847	-0.00646069	196.067	
-0.032334	-0.157204	0.987037	249.594	-0.122337	-0.979505	-0.160012	-58.3698	0.991962	-0.125925	0.0124394	196.175	
-0.0418478	-0.157282	0.986667	251.104	-0.123195	-0.979184	-0.161314	-58.8126	0.9915	-0.128303	0.0216004	196.467	
-0.0488806	-0.157099	0.986372	252.654	-0.122208	-0.979192	-0.162012	-59.1425	0.9913	-0.128462	0.0286648	196.689	
-0.0544751	-0.158197	0.985904	254.21	-0.121093	-0.979036	-0.163785	-59.4955	0.991145	-0.128308	0.0341767	196.574	
-0.0546754	-0.158162	0.985898	255.752	-0.122575	-0.978844	-0.163828	-59.8987	0.990952	-0.129804	0.034132	196.714	
-0.0512723	-0.158374	0.986047	257.298	-0.125769	-0.978461	-0.163695	-60.2993	0.990734	-0.132408	0.0302494	196.808	
-0.0459239	-0.157606	0.986434	258.85	-0.126085	-0.978664	-0.162235	-60.6734	0.990956	-0.131825	0.0250723	196.916	
-0.0436173	-0.1581	0.986459	260.397	-0.12806	-0.978369	-0.162466	-61.0647	0.990807	-0.133412	0.0224275	197.036	
-0.0395709	-0.157899	0.986662	261.946	-0.130348	-0.978182	-0.16177	-61.4363	0.990678	-0.135011	0.0181257	197.186	
-0.0337553	-0.156944	0.98703	263.498	-0.130704	-0.978418	-0.160045	-61.8161	0.990847	-0.134411	0.0125137	197.255	
-0.0314103	-0.15375	0.98761	265.028	-0.132361	-0.978756	-0.156581	-62.2745	0.990704	-0.13564	0.0103925	197.355	
-0.0311333	-0.150716	0.988087	266.56	-0.132737	-0.979186	-0.153541	-62.7304	0.990662	-0.135936	0.0104798	197.432	
-0.0284061	-0.148532	0.9885	268.113	-0.135422	-0.97921	-0.151028	-63.1102	0.990381	-0.138155	0.00770108	197.492	
-0.0184653	-0.146028	0.989108	269.691	-0.134402	-0.979935	-0.147183	-63.3707	0.990755	-0.135656	-0.00153182	197.523	
-0.00735139	-0.142312	0.989794	271.259	-0.137046	-0.980338	-0.141971	-63.6888	0.990537	-0.136692	-0.0122966	197.481	
-0.00259869	-0.139497	0.990219	272.825	-0.135453	-0.981047	-0.138561	-64.0105	0.99078	-0.134489	-0.016346	197.531	
-0.00286097	-0.138352	0.990379	274.394	-0.133526	-0.981462	-0.137492	-64.3193	0.991041	-0.132635	-0.0156657	197.468	
-0.00681251	-0.137696	0.990451	275.959	-0.130754	-0.981848	-0.137399	-64.6513	0.991391	-0.130441	-0.0113155	197.482	
-0.0176345	-0.137972	0.990279	277.534	-0.130231	-0.981679	-0.139093	-64.9181	0.991327	-0.131418	-0.000656794	197.389	
-0.0325878	-0.140048	0.989608	279.095	-0.128211	-0.981368	-0.143104	-65.266	0.991211	-0.131542	0.014025	197.417	
-0.0765084	-0.118643	0.989985	279.887	-0.119004	-0.984711	-0.127208	-66.1494	0.989942	-0.127544	0.0612197	196.343	
-0.0885875	-0.122556	0.9885	281.458	-0.117581	-0.984176	-0.132557	-66.4251	0.989104	-0.127972	0.0727754	196.471	
-0.0952462	-0.125053	0.987568	283.016	-0.115287	-0.984017	-0.135722	-66.7676	0.988755	-0.12678	0.0793069	196.593	
-0.0998927	-0.127798	0.986757	284.587	-0.116427	-0.983403	-0.13915	-66.9449	0.988163	-0.128785	0.0833558	196.839	
-0.10548	-0.130395	0.985835	286.13	-0.114849	-0.983134	-0.142326	-67.3048	0.987767	-0.128234	0.0887253	197.064	
-0.108199	-0.129399	0.985672	287.656	-0.113329	-0.983424	-0.141544	-67.741	0.987648	-0.12702	0.0917407	197.266	
-0.110801	-0.129568	0.98536	289.217	-0.11114	-0.983631	-0.141838	-68.0586	0.987609	-0.125229	0.0945875	197.42	
-0.112207	-0.130348	0.985098	290.768	-0.10947	-0.983703	-0.142632	-68.3973	0.987637	-0.123843	0.0961094	197.613	
-0.109525	-0.131435	0.985256	292.311	-0.110261	-0.983495	-0.143457	-68.7299	0.98785	-0.124347	0.0932255	197.874	
-0.106441	-0.131693	0.985559	293.853	-0.113131	-0.98315	-0.143589	-69.0824	0.987862	-0.126781	0.0897488	198.117	
-0.100521	-0.129977	0.986408	295.368	-0.11287	-0.98354	-0.141101	-69.5586	0.988512	-0.12552	0.0841958	198.311	
-0.0859137	-0.130945	0.98766	296.919	-0.117729	-0.983046	-0.140574	-69.9333	0.989322	-0.128353	0.0690411	198.428	
-0.0704307	-0.132725	0.988647	298.479	-0.120883	-0.982669	-0.140534	-70.2191	0.990165	-0.129408	0.0531658	198.646	
-0.0467175	-0.128106	0.99066	299.37	-0.123426	-0.983402	-0.132988	-70.9058	0.991254	-0.128486	0.0301305	199.783	
-0.0431411	-0.127909	0.990847	300.922	-0.122708	-0.983583	-0.132313	-71.2415	0.991505	-0.127293	0.0267374	199.985	
-0.0448905	-0.128863	0.990646	302.494	-0.120365	-0.983724	-0.133417	-71.5235	0.991714	-0.125228	0.0286493	200.083	
-0.0433568	-0.127027	0.990951	304.028	-0.120515	-0.983976	-0.131406	-71.9296	0.991764	-0.125122	0.0273534	200.284	
-0.0450427	-0.127122	0.990864	305.615	-0.123788	-0.983516	-0.131807	-72.1051	0.991286	-0.128594	0.0285639	200.184	
-0.040875	-0.126701	0.991098	307.167	-0.126146	-0.983336	-0.130911	-72.4539	0.991169	-0.130374	0.0242109	200.362	
-0.0296851	-0.12701	0.991457	308.737	-0.128609	-0.983164	-0.129798	-72.7466	0.991251	-0.131364	0.0128507	200.447	
-0.0194186	-0.125797	0.991866	310.291	-0.130987	-0.983182	-0.12726	-73.1301	0.991194	-0.132393	0.00261429	200.463	
0.00356388	-0.125692	0.992063	311.876	-0.133285	-0.983277	-0.1241	-73.3345	0.991071	-0.131785	-0.0202571	200.53	
0.0135863	-0.126571	0.991864	313.421	-0.134938	-0.983114	-0.123606	-73.69	0.990761	-0.132161	-0.0304362	200.748	
0.0124156	-0.125003	0.992079	314.98	-0.13226	-0.983643	-0.122285	-74.0328	0.991137	-0.129694	-0.0287454	200.853	
0.00638895	-0.124533	0.992195	316.569	-0.130298	-0.98386	-0.122648	-74.2147	0.991454	-0.128497	-0.0225123	200.904	
0.00142611	-0.11922	0.992867	318.07	-0.133085	-0.984058	-0.117971	-74.7645	0.991104	-0.131968	-0.0172698	200.83	
0.000873726	-0.118544	0.992948	319.627	-0.135663	-0.983783	-0.117331	-75.117	0.990755	-0.134604	-0.0169416	200.938	
0.00135086	-0.119913	0.992783	321.185	-0.133189	-0.983961	-0.118667	-75.4633	0.99109	-0.132067	-0.0173003	201.05	
0.00100553	-0.11705	0.993125	322.728	-0.135608	-0.983968	-0.115834	-75.8852	0.990762	-0.13456	-0.0168624	201.021	
-0.000445203	-0.11934	0.992853	324.302	-0.134447	-0.983832	-0.118316	-76.1519	0.990921	-0.133539	-0.0156069	201.118	
-0.00535135	-0.120654	0.99268	325.861	-0.137303	-0.983204	-0.120243	-76.5138	0.990515	-0.136941	-0.0113047	201.135	
-0.00562329	-0.121905	0.992526	327.435	-0.135655	-0.983273	-0.121537	-76.8004	0.99074	-0.135325	-0.0110079	201.149	
-0.0114448	-0.120162	0.992688	329.008	-0.131091	-0.984005	-0.120622	-77.0881	0.991304	-0.131513	-0.0044904	201.087	
-0.0189216	-0.121459	0.992416	330.585	-0.129121	-0.983985	-0.122889	-77.3509	0.991448	-0.130467	0.00293574	201.129	
-0.0303856	-0.120832	0.992208	332.154	-0.129555	-0.983816	-0.123778	-77.6618	0.991107	-0.132307	0.0142393	201.186	
-0.0429376	-0.120633	0.991768	333.717	-0.12743	-0.983915	-0.125195	-77.9634	0.990918	-0.131757	0.0268746	201.342	
-0.0456563	-0.120207	0.991698	335.29	-0.130349	-0.983529	-0.125218	-78.2234	0.990416	-0.134984	0.0292354	201.474	
-0.0425863	-0.122004	0.991616	336.865	-0.130196	-0.983375	-0.126581	-78.4873	0.990573	-0.134495	0.0259938	201.579	
-0.0450706	-0.123607	0.991307	338.43	-0.128437	-0.983363	-0.128456	-78.784	0.990693	-0.13311	0.028445	201.734	
-0.0437263	-0.119754	0.99184	339.992	-0.132456	-0.98333	-0.124566	-79.1192	0.990224	-0.136822	0.0271352	201.824	
-0.0273729	-0.116044	0.992867	341.556	-0.143112	-0.982552	-0.118784	-79.4431	0.989328	-0.145342	0.010288	201.91	
-0.0183943	-0.114537	0.993249	343.112	-0.146901	-0.982326	-0.115998	-79.7769	0.98898	-0.148043	0.00124358	202.078	
-0.00651008	-0.114149	0.993442	344.68	-0.150275	-0.98207	-0.113827	-80.0796	0.988623	-0.150031	-0.0107604	202.171	
-0.000842892	-0.116433	0.993198	346.269	-0.14827	-0.982206	-0.11527	-80.2685	0.988947	-0.147358	-0.0164355	202.172	
-0.0059894	-0.128517	0.991689	347.831	-0.14196	-0.981554	-0.128061	-79.9234	0.989854	-0.141547	-0.0123653	202.193	
-0.0130319	-0.129619	0.991478	349.397	-0.137724	-0.981879	-0.130175	-80.2334	0.990385	-0.138247	-0.00505594	202.301	
-0.0230196	-0.129902	0.99126	350.946	-0.137086	-0.981746	-0.131839	-80.6177	0.990292	-0.138923	0.00479162	202.412	
-0.0351088	-0.127776	0.991181	352.489	-0.131875	-0.982528	-0.131332	-81.0432	0.990644	-0.135323	0.0176449	202.389	
-0.045789	-0.127749	0.990749	354.044	-0.131369	-0.982406	-0.132744	-81.4052	0.990275	-0.136232	0.0282011	202.489	
-0.0504396	-0.12591	0.990759	355.59	-0.13269	-0.982382	-0.1316	-81.7959	0.989873	-0.138102	0.032844	202.617	
-0.0430782	-0.12507	0.991212	357.15	-0.134596	-0.982362	-0.129803	-82.1322	0.989964	-0.139005	0.0254844	202.735	
-0.0323098	-0.125262	0.991597	358.723	-0.141349	-0.981571	-0.128602	-82.359	0.989432	-0.144316	0.0140087	202.923	
-0.0272577	-0.124831	0.991804	360.296	-0.142545	-0.981548	-0.127458	-82.6356	0.989413	-0.144851	0.00896069	203.016	
-0.0230139	-0.123304	0.992102	361.853	-0.146981	-0.981164	-0.125354	-82.993	0.988872	-0.148705	0.00445707	202.931	
-0.00967491	-0.121044	0.9926	363.384	-0.148746	-0.981428	-0.121132	-83.4589	0.988828	-0.148817	-0.00850958	202.942	
-0.0046424	-0.123302	0.992358	364.96	-0.141926	-0.982242	-0.122709	-83.7349	0.989866	-0.141411	-0.0129398	202.944	
-0.0297385	-0.123549	0.991893	366.538	-0.140057	-0.982027	-0.12652	-83.9958	0.989697	-0.142684	0.0119001	202.933	
-0.0526977	-0.12531	0.990717	368.106	-0.136912	-0.98182	-0.131467	-84.3056	0.98918	-0.142569	0.0345832	203.006	
-0.0659919	-0.125982	0.989835	369.653	-0.134204	-0.981864	-0.133915	-84.6698	0.988754	-0.141678	0.0478877	203.191	
-0.0643623	-0.126028	0.989937	370.526	-0.136602	-0.981543	-0.13384	-85.0505	0.988533	-0.143842	0.0459588	204.477	
-0.0751824	-0.127461	0.98899	372.088	-0.138692	-0.98082	-0.136951	-85.3134	0.987478	-0.147461	0.0560626	204.704	
-0.0839454	-0.131005	0.987821	373.677	-0.144529	-0.979237	-0.142149	-85.2604	0.985933	-0.154702	0.0632685	204.524	
-0.0758305	-0.130301	0.98857	375.22	-0.146697	-0.979179	-0.140316	-85.6461	0.986271	-0.155661	0.0551368	204.696	
-0.0612243	-0.128638	0.9898	376.783	-0.150219	-0.979177	-0.13655	-85.9809	0.986755	-0.157047	0.0406256	204.775	
-0.0444323	-0.125053	0.991155	378.335	-0.147608	-0.980423	-0.130316	-86.3681	0.988047	-0.152093	0.0251036	204.803	
-0.044335	-0.129745	0.990556	379.864	-0.152151	-0.979087	-0.135053	-86.1374	0.987362	-0.156701	0.023667	204.391	
-0.0469874	-0.128961	0.990536	381.413	-0.155588	-0.978583	-0.134786	-86.527	0.986704	-0.160449	0.0259163	204.469	
-0.0392697	-0.128594	0.990919	382.967	-0.157005	-0.978572	-0.133214	-86.9045	0.986817	-0.160811	0.0182383	204.518	
-0.0377164	-0.130641	0.990712	384.524	-0.155964	-0.978498	-0.134968	-87.263	0.987042	-0.159606	0.0165301	204.614	
-0.040772	-0.132326	0.990367	386.091	-0.154048	-0.978508	-0.137084	-87.572	0.987222	-0.158154	0.019511	204.706	
-0.0413585	-0.133182	0.990228	387.645	-0.154811	-0.978253	-0.138037	-87.9269	0.987078	-0.159007	0.0198411	204.848	
-0.042398	-0.132376	0.990292	389.206	-0.155468	-0.978236	-0.13742	-88.2761	0.986931	-0.159785	0.0208951	204.88	
-0.0379458	-0.132196	0.990497	390.775	-0.157508	-0.978029	-0.136566	-88.5806	0.986788	-0.161194	0.0162902	204.948	
-0.0340447	-0.131298	0.990758	392.339	-0.158675	-0.978049	-0.135066	-88.9135	0.986744	-0.161807	0.0124636	204.992	
-0.0324232	-0.132406	0.990665	393.908	-0.158626	-0.977942	-0.135897	-89.2223	0.986806	-0.161552	0.010705	205.047	
-0.042297	-0.130117	0.990596	395.387	-0.148265	-0.979688	-0.135015	-89.8003	0.988043	-0.152581	0.0221461	205.244	
-0.0524602	-0.129892	0.990139	396.952	-0.147156	-0.979675	-0.136316	-90.1351	0.987721	-0.152856	0.0322796	205.251	
-0.0619771	-0.131714	0.989348	398.523	-0.145923	-0.979407	-0.139532	-90.4332	0.987353	-0.153016	0.0414806	205.304	
-0.0651175	-0.132082	0.989098	400.072	-0.146719	-0.979162	-0.140414	-90.7799	0.987033	-0.154263	0.0443817	205.502	
-0.0674312	-0.131617	0.989005	401.619	-0.144602	-0.979505	-0.140212	-91.1499	0.98719	-0.152466	0.0470172	205.675	
-0.0686854	-0.128958	0.989268	403.166	-0.147162	-0.979453	-0.137896	-91.5421	0.986725	-0.155054	0.0482963	205.795	
-0.0661882	-0.12755	0.989621	404.726	-0.147958	-0.979577	-0.136152	-91.8817	0.986776	-0.155434	0.0459643	205.89	
-0.0628049	-0.12573	0.990074	406.297	-0.149615	-0.979636	-0.133895	-92.169	0.986748	-0.156539	0.0427149	205.997	
-0.0592115	-0.127295	0.990096	407.857	-0.152946	-0.978969	-0.135011	-92.3788	0.986459	-0.159425	0.038497	206.285	
-0.0627846	-0.125463	0.99011	409.442	-0.154191	-0.978936	-0.133825	-92.5959	0.986044	-0.161069	0.0421168	206.264	
-0.0657577	-0.122678	0.990266	410.937	-0.15161	-0.979663	-0.131432	-93.1539	0.986251	-0.158777	0.0458212	206.37	
-0.0658351	-0.121465	0.99041	412.48	-0.146854	-0.980576	-0.130021	-93.5777	0.986965	-0.154005	0.0467188	206.361	
-0.0610298	-0.120978	0.990777	414.025	-0.147794	-0.980591	-0.128838	-93.9627	0.987133	-0.154294	0.0419655	206.52	
-0.0640304	-0.123072	0.99033	415.584	-0.147738	-0.980263	-0.131373	-94.3009	0.986952	-0.154721	0.0445843	206.646	
-0.064143	-0.125005	0.99008	417.148	-0.148387	-0.9799	-0.133333	-94.5784	0.986847	-0.155468	0.0443045	206.84	
-0.0664298	-0.123308	0.990142	418.665	-0.145871	-0.980473	-0.131891	-95.0772	0.987071	-0.153195	0.0471455	206.753	
-0.070677	-0.119457	0.990321	420.191	-0.141296	-0.981594	-0.128489	-95.5604	0.987441	-0.149009	0.0524973	206.767	
-0.0671863	-0.114055	0.9912	421.69	-0.145876	-0.981647	-0.122843	-96.0746	0.987019	-0.152845	0.0493154	206.988	
-0.0650514	-0.114285	0.991316	423.255	-0.146771	-0.98152	-0.122787	-96.3513	0.987029	-0.153484	0.0470755	207.17	
-0.057119	-0.111821	0.992085	424.785	-0.14821	-0.981747	-0.119189	-96.7356	0.987305	-0.153845	0.0395034	207.439	
-0.0511633	-0.110796	0.992525	426.357	-0.150609	-0.981605	-0.117341	-97.0231	0.987269	-0.155487	0.0335352	207.517	
-0.0465103	-0.111112	0.992719	427.925	-0.147875	-0.982079	-0.11685	-97.3173	0.987912	-0.152233	0.0292461	207.63	
-0.0413501	-0.107071	0.993391	429.391	-0.146025	-0.982918	-0.112021	-97.9038	0.988416	-0.149692	0.0250086	207.888	
-0.0441259	-0.108112	0.993159	430.959	-0.144401	-0.982997	-0.113421	-98.2044	0.988535	-0.148418	0.0277642	208.002	
-0.0485323	-0.108161	0.992948	432.536	-0.144951	-0.982833	-0.114144	-98.4477	0.988248	-0.149468	0.0320212	208.115	
-0.0509811	-0.110656	0.99255	434.12	-0.143409	-0.982732	-0.116927	-98.6434	0.98835	-0.148301	0.0342318	208.236	
-0.0540207	-0.111091	0.992341	435.698	-0.142954	-0.982695	-0.117793	-98.8752	0.988254	-0.148222	0.037205	208.359	
-0.0586444	-0.11057	0.992137	437.26	-0.140124	-0.983096	-0.117845	-99.2082	0.988396	-0.145933	0.0421596	208.452	
-0.06736	-0.10767	0.991902	438.806	-0.137988	-0.983601	-0.11614	-99.5699	0.988141	-0.144694	0.0513982	208.652	
-0.0729207	-0.106415	0.991644	440.376	-0.138604	-0.983561	-0.11574	-99.8451	0.98766	-0.145886	0.0569724	208.793	
-0.0631593	-0.103835	0.992587	441.93	-0.142682	-0.983416	-0.111955	-100.214	0.987751	-0.148696	0.0472965	208.888	
-0.0516548	-0.107165	0.992899	443.507	-0.140245	-0.983595	-0.113457	-100.458	0.988769	-0.145109	0.0357781	209.001	
-0.0427171	-0.105821	0.993467	445.055	-0.143747	-0.983378	-0.110927	-100.823	0.988692	-0.147546	0.0267957	209.174	
-0.0345244	-0.108299	0.993519	446.627	-0.141878	-0.983512	-0.112139	-101.109	0.989282	-0.14483	0.0185898	209.257	
-0.0301967	-0.108825	0.993602	448.201	-0.141207	-0.983622	-0.112023	-101.388	0.989519	-0.143686	0.0143354	209.324	
-0.0339453	-0.110417	0.993306	449.775	-0.136507	-0.984052	-0.114053	-101.662	0.990057	-0.139464	0.0183313	209.406	
-0.041711	-0.109772	0.993081	451.344	-0.134132	-0.984333	-0.114439	-101.972	0.990085	-0.137977	0.0263336	209.46	
-0.0455015	-0.109374	0.992959	452.908	-0.136837	-0.983936	-0.11465	-102.265	0.989548	-0.14109	0.0298042	209.627	
-0.046781	-0.109737	0.992859	454.465	-0.137538	-0.983773	-0.115213	-102.612	0.989391	-0.141946	0.0309288	209.759	
-0.0413889	-0.11289	0.992745	456.038	-0.13529	-0.983812	-0.117515	-102.842	0.989941	-0.139172	0.0254461	209.939	
-0.0357143	-0.114801	0.992746	457.611	-0.13504	-0.983715	-0.118615	-103.113	0.990196	-0.138297	0.01963	210.05	
-0.0389641	-0.115262	0.992571	459.189	-0.134563	-0.983672	-0.119511	-103.371	0.990139	-0.13822	0.0228179	210.079	
-0.0443054	-0.116906	0.992154	460.757	-0.135314	-0.983275	-0.121902	-103.682	0.989812	-0.139653	0.0277454	210.157	
-0.052809	-0.117281	0.991694	462.317	-0.136003	-0.982982	-0.123493	-104.035	0.9893	-0.141395	0.0359598	210.188	
-0.061217	-0.116059	0.991354	463.879	-0.13774	-0.982732	-0.123555	-104.376	0.988575	-0.144113	0.0441739	210.259	
-0.0674163	-0.116206	0.990935	465.434	-0.137175	-0.982683	-0.124571	-104.702	0.98825	-0.14433	0.0503083	210.449	
-0.0677203	-0.115469	0.991	466.989	-0.140482	-0.982281	-0.124053	-105.028	0.987765	-0.147618	0.0502991	210.636	
-0.0617965	-0.114044	0.991552	468.557	-0.140451	-0.982572	-0.121764	-105.323	0.988157	-0.146789	0.0447019	210.753	
-0.055203	-0.114523	0.991886	470.12	-0.141187	-0.982524	-0.121299	-105.642	0.988443	-0.146737	0.0380692	210.88	
-0.0579235	-0.113958	0.991796	471.679	-0.139875	-0.982737	-0.121087	-105.976	0.988473	-0.145742	0.0409837	211.01	
-0.0620069	-0.115609	0.991357	473.242	-0.138309	-0.98269	-0.12325	-106.304	0.988446	-0.144756	0.0449437	211.106	
-0.0640931	-0.116584	0.991111	474.806	-0.139275	-0.982388	-0.124565	-106.622	0.988177	-0.146021	0.046727	211.216	
-0.0632661	-0.11456	0.9914	476.356	-0.144848	-0.981817	-0.122696	-107.022	0.987429	-0.151365	0.0455219	211.234	
-0.0650133	-0.116818	0.991023	477.932	-0.142588	-0.981846	-0.12509	-107.286	0.987645	-0.14944	0.0471763	211.296	
-0.0657249	-0.116639	0.990997	479.502	-0.143533	-0.981711	-0.125065	-107.553	0.987461	-0.15046	0.0477813	211.459	
-0.0644686	-0.11523	0.991245	481.062	-0.144382	-0.981782	-0.123521	-107.901	0.98742	-0.151081	0.046657	211.524	
-0.0599193	-0.115077	0.991548	482.627	-0.146545	-0.981556	-0.122773	-108.214	0.987388	-0.152663	0.0419502	211.636	
-0.0551412	-0.112379	0.992134	484.161	-0.148521	-0.981669	-0.119449	-108.62	0.987371	-0.15394	0.0374397	211.839	
-0.052162	-0.113955	0.992116	485.727	-0.146518	-0.981844	-0.120479	-108.921	0.987832	-0.151647	0.0345185	211.972	
-0.0559089	-0.113814	0.991928	487.289	-0.144952	-0.982031	-0.120848	-109.253	0.987858	-0.150539	0.0384067	212.074	
-0.0609588	-0.115102	0.991482	488.856	-0.143579	-0.981987	-0.122827	-109.567	0.98776	-0.149843	0.0433346	212.155	
-0.0644293	-0.116911	0.99105	490.425	-0.142749	-0.981821	-0.125103	-109.86	0.98766	-0.149531	0.0465691	212.269	
-0.0664375	-0.114105	0.991245	491.992	-0.145519	-0.98171	-0.122761	-110.182	0.987122	-0.152401	0.0486179	212.243	
-0.0599875	-0.112114	0.991883	493.474	-0.144485	-0.982233	-0.119762	-110.673	0.987687	-0.150496	0.0427228	212.592	
-0.0563513	-0.111323	0.992185	495.04	-0.146198	-0.982132	-0.118499	-110.992	0.987649	-0.151734	0.0390692	212.654	
-0.0546088	-0.112851	0.99211	496.616	-0.14266	-0.982518	-0.119613	-111.26	0.988264	-0.148066	0.0375548	212.732	
-0.055048	-0.111739	0.992212	498.176	-0.146272	-0.982095	-0.118715	-111.607	0.987712	-0.151667	0.0377182	212.813	
-0.055122	-0.112397	0.992133	499.74	-0.148063	-0.981738	-0.119445	-111.927	0.987441	-0.153482	0.0374736	212.914	
-0.0482238	-0.112958	0.992429	501.232	-0.153382	-0.980963	-0.119106	-112.309	0.98699	-0.157964	0.0299801	213.348	
-0.0447104	-0.11407	0.992466	502.803	-0.154107	-0.98078	-0.11967	-112.61	0.987042	-0.158297	0.0262721	213.39	
-0.0356766	-0.110506	0.993235	504.22	-0.150592	-0.981925	-0.114657	-113.229	0.987952	-0.153663	0.0183904	213.802	
-0.032355	-0.113072	0.99306	505.803	-0.150586	-0.981687	-0.116683	-113.412	0.988067	-0.153317	0.0147354	213.934	
-0.0290436	-0.11347	0.993117	507.373	-0.150835	-0.981662	-0.116572	-113.716	0.988132	-0.153182	0.0113958	213.992	
-0.0239302	-0.11239	0.993376	508.957	-0.151594	-0.981762	-0.114728	-113.931	0.988153	-0.153336	0.00645601	214.076	
-0.0201834	-0.112106	0.993491	510.529	-0.149811	-0.982136	-0.113869	-114.194	0.988509	-0.151134	0.00302805	214.208	
-0.0124798	-0.118374	0.992891	512.021	-0.142061	-0.982686	-0.118943	-114.039	0.989779	-0.142535	-0.00455268	214.765	
-0.0196323	-0.117889	0.992833	513.587	-0.140181	-0.98289	-0.11948	-114.364	0.989931	-0.141522	0.00277064	214.814	
-0.0250879	-0.119029	0.992574	515.17	-0.141717	-0.982435	-0.121396	-114.597	0.989589	-0.14371	0.00777875	214.829	
-0.0209874	-0.103927	0.994363	516.36	-0.147153	-0.983429	-0.10589	-115.635	0.988891	-0.148546	0.00534648	215.087	
-0.0178359	-0.101823	0.994643	517.929	-0.147585	-0.983636	-0.103343	-115.948	0.988889	-0.148637	0.00251641	215.128	
-0.0148399	-0.101807	0.994694	519.48	-0.147567	-0.983687	-0.102882	-116.34	0.988941	-0.148311	-0.000425518	215.155	
-0.0181052	-0.0982273	0.994999	521.023	-0.147077	-0.984075	-0.0998251	-116.754	0.988959	-0.148149	0.0033699	215.081	
-0.0177651	-0.0803016	0.996612	522.221	-0.146006	-0.985876	-0.0820392	-117.813	0.989124	-0.146968	0.00578971	215.136	
-0.0250168	-0.0773608	0.996689	523.773	-0.14466	-0.986228	-0.0801797	-118.197	0.989165	-0.146187	0.0134813	215.066	
-0.0293664	-0.0642138	0.997504	525.089	-0.143694	-0.987298	-0.0677872	-119.098	0.989186	-0.145326	0.0197662	215.199	
-0.0369435	-0.0630851	0.997324	526.651	-0.142939	-0.98741	-0.0677528	-119.386	0.989042	-0.145059	0.0274611	215.387	
-0.0431623	-0.0654573	0.996921	528.233	-0.141241	-0.98743	-0.0709492	-119.551	0.989034	-0.143868	0.0333745	215.561	
-0.0499219	-0.0667003	0.996523	529.811	-0.142467	-0.987089	-0.0732059	-119.704	0.98854	-0.145626	0.0397747	215.774	
-0.0528908	-0.0660085	0.996416	531.377	-0.142994	-0.987029	-0.0729769	-119.966	0.988309	-0.146341	0.042766	215.972	
-0.053412	-0.0629652	0.996585	532.931	-0.142502	-0.987315	-0.0700168	-120.327	0.988352	-0.145755	0.0437618	216.093	
-0.0488314	-0.0571691	0.99717	534.415	-0.147374	-0.987021	-0.0638041	-120.849	0.987875	-0.150072	0.0397724	216.386	
-0.0455696	-0.0463997	0.997883	535.843	-0.152746	-0.986851	-0.0528621	-121.538	0.987214	-0.154831	0.0378831	216.606	
-0.0491414	-0.0461543	0.997725	537.421	-0.14921	-0.987383	-0.053025	-121.723	0.987584	-0.151476	0.0416347	216.789	
-0.0565054	-0.0326517	0.997868	538.786	-0.14766	-0.9882	-0.0406968	-122.499	0.987423	-0.149645	0.0510173	217.096	
-0.0772957	-0.0318995	0.996498	540.349	-0.144662	-0.988552	-0.0428663	-122.71	0.986457	-0.147469	0.0717962	217.368	
-0.0772957	-0.0318995	0.996498	538.755	-0.144662	-0.988552	-0.0428663	-122.641	0.986457	-0.147469	0.0717962	217.253	
-0.0772957	-0.0318995	0.996498	537.16	-0.144662	-0.988552	-0.0428663	-122.573	0.986457	-0.147469	0.0717962	217.138	
-0.1153	-0.0343781	0.992736	538.583	-0.178988	-0.982324	-0.0548059	-122.854	0.977072	-0.184006	0.107109	216.463	
-0.15661	-0.0389748	0.986891	537.299	-0.158335	-0.985307	-0.0640384	-122.484	0.974886	-0.166288	0.148138	215.584	
-0.336048	-0.0535072	0.940324	537.349	-0.130313	-0.986141	-0.102685	-122.1	0.932786	-0.157044	0.324418	214.032	
-0.455717	-0.0636182	0.887849	538.014	-0.103494	-0.986891	-0.123837	-121.838	0.884088	-0.148322	0.443158	212.601	
-0.455717	-0.0636182	0.887849	536.594	-0.103494	-0.986891	-0.123837	-121.64	0.884088	-0.148322	0.443158	211.892	
-0.455717	-0.0636182	0.887849	535.173	-0.103494	-0.986891	-0.123837	-121.441	0.884088	-0.148322	0.443158	211.182	
-0.455717	-0.0636182	0.887849	533.753	-0.103494	-0.986891	-0.123837	-121.243	0.884088	-0.148322	0.443158	210.473	
-0.455717	-0.0636182	0.887849	532.332	-0.103494	-0.986891	-0.123837	-121.045	0.884088	-0.148322	0.443158	209.764	
-0.455717	-0.0636182	0.887849	530.912	-0.103494	-0.986891	-0.123837	-120.847	0.884088	-0.148322	0.443158	209.055	
-0.455717	-0.0636182	0.887849	529.491	-0.103494	-0.986891	-0.123837	-120.649	0.884088	-0.148322	0.443158	208.346	
-0.455717	-0.0636182	0.887849	528.071	-0.103494	-0.986891	-0.123837	-120.451	0.884088	-0.148322	0.443158	207.637	
-0.455717	-0.0636182	0.887849	526.65	-0.103494	-0.986891	-0.123837	-120.253	0.884088	-0.148322	0.443158	206.928	
-0.455717	-0.0636182	0.887849	525.229	-0.103494	-0.986891	-0.123837	-120.054	0.884088	-0.148322	0.443158	206.219	
-0.461529	-0.0591771	0.885149	524.901	-0.104496	-0.9872	-0.120485	-120.607	0.880949	-0.148102	0.449438	207.684	
-0.483933	-0.0604393	0.873015	526.232	-0.098781	-0.987463	-0.123119	-121.031	0.869512	-0.145819	0.471896	208.465	
-0.513392	-0.0628632	0.855849	527.554	-0.0904359	-0.987797	-0.126804	-121.453	0.853376	-0.1425	0.501441	209.261	
-0.548586	-0.0644665	0.833605	528.912	-0.0828663	-0.987922	-0.130934	-121.768	0.831978	-0.140906	0.536618	210.045	
-0.568254	-0.0665917	0.820154	530.31	-0.0773843	-0.987978	-0.133835	-122.019	0.819206	-0.139519	0.556269	210.783	
-0.596081	-0.0688793	0.799964	531.585	-0.0691383	-0.98821	-0.136605	-122.379	0.799942	-0.136736	0.584291	211.68	
-0.615098	-0.0701606	0.785323	532.849	-0.0637481	-0.988347	-0.138229	-122.663	0.785869	-0.135087	0.603457	212.618	
-0.634545	-0.0709428	0.769623	533.999	-0.058973	-0.988431	-0.139735	-122.992	0.770633	-0.134055	0.62302	213.681	
-0.664445	-0.0723715	0.743824	535.138	-0.0504998	-0.988677	-0.141306	-123.312	0.745629	-0.131453	0.653267	214.758	
-0.683252	-0.0754175	0.726277	536.206	-0.0440515	-0.988583	-0.144097	-123.531	0.728853	-0.130449	0.672129	215.929	
-0.709613	-0.0675414	0.701347	536.845	-0.0499416	-0.98807	-0.145684	-123.828	0.70282	-0.138405	0.697774	217.366	
-0.734282	-0.066988	0.675531	537.844	-0.0451415	-0.988098	-0.147051	-124.086	0.677342	-0.138471	0.722519	218.589	
-0.754316	-0.0720388	0.652547	538.865	-0.0362889	-0.987867	-0.151005	-124.478	0.655508	-0.137586	0.742549	219.757	
-0.774288	-0.0749363	0.628381	539.814	-0.0290983	-0.987698	-0.153641	-124.916	0.632164	-0.137247	0.762582	220.968	
-0.79438	-0.0804646	0.602068	540.784	-0.0198635	-0.987216	-0.158147	-125.279	0.607096	-0.137588	0.782626	222.188	
-0.805679	-0.0824325	0.586588	541.723	-0.0159031	-0.986903	-0.160531	-125.659	0.592138	-0.138665	0.793816	223.426	
-0.8094	-0.0845314	0.581142	542.246	-0.0136807	-0.986603	-0.162563	-125.984	0.587098	-0.139529	0.7974	224.903	
-0.807623	-0.0827171	0.583869	543.067	-0.0174592	-0.986325	-0.163883	-126.383	0.589441	-0.14255	0.795134	226.217	
-0.799304	-0.0831429	0.595147	543.988	-0.0202124	-0.986102	-0.164906	-126.781	0.600586	-0.143839	0.786515	227.463	
-0.789992	-0.0849083	0.60721	544.753	-0.0226187	-0.985654	-0.167255	-127.133	0.6127	-0.145864	0.776738	228.823	
-0.780722	-0.0822367	0.619443	545.708	-0.0274752	-0.985826	-0.165506	-127.547	0.624274	-0.146233	0.767397	230.038	
-0.765157	-0.0790495	0.638972	546.804	-0.0344582	-0.985984	-0.163243	-127.913	0.642921	-0.146924	0.751709	231.146	
-0.73996	-0.0834074	0.66746	547.421	-0.0353353	-0.986092	-0.162398	-128.018	0.671722	-0.143753	0.726722	232.618	
-0.725175	-0.082758	0.683573	548.48	-0.0392637	-0.986166	-0.161045	-128.4	0.687444	-0.143626	0.711893	233.755	
-0.709255	-0.0830433	0.700044	549.556	-0.0416113	-0.986374	-0.159168	-128.748	0.703723	-0.142021	0.696135	234.887	
-0.703482	-0.0830154	0.705848	550.587	-0.0416739	-0.986628	-0.157572	-129.137	0.70949	-0.140265	0.690615	236.047	
-0.703428	-0.0816268	0.706064	551.638	-0.0430269	-0.986671	-0.156934	-129.471	0.709463	-0.140771	0.69054	237.206	
-0.69492	-0.0788643	0.714749	552.793	-0.0476075	-0.986741	-0.155162	-129.874	0.717509	-0.141853	0.681952	238.238	
-0.681405	-0.0779584	0.727743	553.906	-0.050911	-0.986854	-0.153385	-130.212	0.730134	-0.141567	0.668479	239.336	
-0.662864	-0.0747773	0.744997	554.903	-0.0576654	-0.986947	-0.150371	-130.568	0.746516	-0.142636	0.649899	240.535	
-0.648132	-0.0751729	0.757808	555.998	-0.0594548	-0.987083	-0.148767	-130.907	0.759203	-0.141476	0.635291	241.652	
-0.64168	-0.0752484	0.763272	557.088	-0.0613328	-0.986954	-0.148863	-131.254	0.764516	-0.142336	0.628693	242.77	
-0.63576	-0.0743488	0.768298	558.247	-0.0637868	-0.986885	-0.148285	-131.607	0.769247	-0.143281	0.62268	243.816	
-0.632366	-0.0736608	0.77116	559.463	-0.0650416	-0.986906	-0.147604	-131.965	0.771934	-0.143497	0.619295	244.792	
-0.627311	-0.0736679	0.775277	560.701	-0.0642737	-0.987222	-0.145814	-132.419	0.776112	-0.141301	0.61456	245.698	
-0.624959	-0.0742895	0.777115	561.947	-0.0638245	-0.987267	-0.145707	-132.725	0.778044	-0.14066	0.61226	246.655	
-0.627363	-0.0749088	0.775115	563.134	-0.0633319	-0.987157	-0.146661	-132.981	0.776147	-0.141099	0.614562	247.697	
-0.636491	-0.0753349	0.767596	564.308	-0.0594076	-0.987473	-0.146175	-133.329	0.768993	-0.13864	0.624043	248.726	
-0.641888	-0.074841	0.763137	565.468	-0.0593355	-0.987394	-0.146742	-133.705	0.764499	-0.139473	0.629356	249.762	
-0.647092	-0.0766118	0.758553	566.566	-0.0580215	-0.987105	-0.149191	-134.034	0.760201	-0.140552	0.634302	250.878	
-0.651931	-0.0754216	0.754518	567.73	-0.0579979	-0.987167	-0.148789	-134.461	0.756057	-0.140761	0.63919	251.89	
-0.654789	-0.0756468	0.752017	568.876	-0.0586831	-0.986887	-0.150369	-134.844	0.75353	-0.14259	0.641763	252.939	
-0.654808	-0.0775777	0.751803	570.054	-0.058122	-0.986604	-0.15243	-135.209	0.753557	-0.143509	0.641527	253.958	
-0.653622	-0.0779228	0.752799	571.235	-0.056942	-0.986803	-0.151585	-135.579	0.754676	-0.141945	0.640559	254.973	
-0.656168	-0.0765504	0.750722	572.391	-0.0551561	-0.987315	-0.148885	-136.013	0.752596	-0.1391	0.643622	255.99	
-0.656937	-0.0740263	0.750302	573.515	-0.0547585	-0.987855	-0.145408	-136.373	0.751954	-0.13661	0.644906	257.07	
-0.658619	-0.0732343	0.748904	574.664	-0.0531858	-0.988233	-0.143412	-136.778	0.750594	-0.134285	0.646974	258.107	
-0.661284	-0.0737042	0.746506	575.787	-0.0512484	-0.988397	-0.142984	-137.153	0.748383	-0.132811	0.649834	259.183	
-0.663139	-0.071931	0.745032	576.878	-0.0505288	-0.988799	-0.140441	-137.538	0.746789	-0.130777	0.652076	260.288	
-0.660863	-0.0717232	0.747072	578.004	-0.0506851	-0.988885	-0.139775	-137.924	0.748793	-0.130238	0.649882	261.358	
-0.649972	-0.0715538	0.756582	579.176	-0.0548806	-0.988539	-0.140638	-138.287	0.757974	-0.132933	0.638596	262.385	
-0.640903	-0.0698914	0.764434	580.312	-0.0601846	-0.988206	-0.14081	-138.659	0.765259	-0.136252	0.629137	263.449	
-0.62747	-0.0703706	0.775454	581.401	-0.0640421	-0.987869	-0.141467	-138.92	0.776003	-0.138428	0.615351	264.591	
-0.618139	-0.0708274	0.782871	582.598	-0.0646477	-0.987978	-0.140428	-139.306	0.783406	-0.137415	0.606129	265.58	
-0.607909	-0.0692298	0.790983	583.718	-0.0669005	-0.988183	-0.137906	-139.756	0.791183	-0.136751	0.596094	266.63	
-0.604153	-0.0697533	0.79381	585.002	-0.0669133	-0.988203	-0.137761	-140.06	0.794054	-0.136345	0.592358	267.536	
-0.60849	-0.0711886	0.790362	586.215	-0.0641598	-0.988294	-0.138412	-140.377	0.790964	-0.134932	0.596799	268.529	
-0.611144	-0.0729696	0.788149	587.383	-0.062766	-0.988138	-0.140155	-140.636	0.789027	-0.135124	0.599315	269.592	
-0.611676	-0.0712585	0.787893	588.561	-0.0645915	-0.988112	-0.139512	-140.997	0.788467	-0.136227	0.599801	270.613	
-0.606874	-0.0690427	0.791794	589.732	-0.0696394	-0.987769	-0.139507	-141.332	0.791741	-0.139803	0.594643	271.65	
-0.599984	-0.0674053	0.797167	590.983	-0.0718973	-0.987869	-0.137643	-141.713	0.796774	-0.139898	0.58786	272.572	
-0.588963	-0.0671088	0.805369	592.241	-0.0760837	-0.987516	-0.137926	-142.062	0.80457	-0.142509	0.576505	273.497	
-0.577858	-0.0682474	0.813279	593.506	-0.0758346	-0.987696	-0.136767	-142.421	0.812606	-0.140706	0.565573	274.409	
-0.570085	-0.0690517	0.818679	594.439	-0.0769968	-0.987586	-0.136915	-142.749	0.81797	-0.141089	0.557691	275.666	
-0.57116	-0.0711297	0.817751	595.685	-0.0746248	-0.987613	-0.138026	-143.125	0.817439	-0.13986	0.558777	276.598	
-0.575441	-0.0732975	0.814552	596.895	-0.0722338	-0.987528	-0.139892	-143.476	0.814647	-0.139338	0.562969	277.584	
-0.577473	-0.0726933	0.813167	598.109	-0.0755189	-0.987001	-0.141863	-143.783	0.812909	-0.143332	0.564477	278.58	
-0.571131	-0.0727093	0.817632	599.364	-0.077091	-0.986916	-0.141613	-144.138	0.817231	-0.143911	0.558053	279.506	
-0.566165	-0.0728662	0.821065	600.676	-0.0777329	-0.986927	-0.141186	-144.491	0.820619	-0.143758	0.553099	280.352	
-0.559852	-0.0695477	0.825669	601.95	-0.0786506	-0.987512	-0.13651	-144.855	0.824851	-0.141365	0.54739	281.249	
-0.555486	-0.0683193	0.828715	603.178	-0.0794271	-0.987703	-0.134666	-145.152	0.827724	-0.140627	0.543228	282.23	
-0.557031	-0.0671338	0.827774	604.391	-0.0816917	-0.987464	-0.135057	-145.448	0.826464	-0.142853	0.544564	283.23	
-0.561989	-0.064717	0.824609	605.641	-0.0818657	-0.987688	-0.133309	-145.783	0.823083	-0.142425	0.549772	284.172	
-0.568942	-0.0644939	0.819845	606.92	-0.0810039	-0.987677	-0.13391	-146.149	0.818379	-0.142598	0.556706	285.061	
-0.577098	-0.0666659	0.813949	608.238	-0.0767945	-0.987817	-0.135354	-146.468	0.813056	-0.14062	0.564948	285.911	
-0.587894	-0.0679219	0.806082	609.46	-0.0733033	-0.987896	-0.136704	-146.768	0.80561	-0.139456	0.575799	286.898	
-0.600621	-0.0685799	0.796587	610.684	-0.0703564	-0.987916	-0.1381	-147.082	0.796432	-0.138991	0.588539	287.88	
-0.609171	-0.0693177	0.790004	611.869	-0.0666566	-0.988172	-0.138105	-147.345	0.790233	-0.136788	0.597345	288.922	
-0.618282	-0.0679507	0.783014	613.133	-0.0650444	-0.988414	-0.137136	-147.711	0.78326	-0.135719	0.606699	289.833	
-0.624842	-0.0669097	0.777879	614.347	-0.0645825	-0.988477	-0.136901	-148.064	0.778076	-0.135779	0.613321	290.813	
-0.632895	-0.0643702	0.771557	615.512	-0.0666175	-0.988315	-0.137099	-148.394	0.771366	-0.138169	0.621212	291.859	
-0.62974	-0.0661714	0.773983	616.635	-0.0658199	-0.988237	-0.138042	-148.735	0.774012	-0.137874	0.617977	292.947	
-0.627197	-0.0651633	0.77613	617.839	-0.0685247	-0.988013	-0.138328	-149.111	0.77584	-0.139943	0.615214	293.93	
-0.628323	-0.0685272	0.774929	619.056	-0.064364	-0.988119	-0.139567	-149.517	0.775286	-0.137571	0.616446	294.886	
-0.631906	-0.0672914	0.772118	620.241	-0.0652077	-0.988076	-0.139479	-149.853	0.772297	-0.138486	0.619983	295.908	
-0.63584	-0.0663146	0.768967	621.394	-0.066081	-0.987966	-0.139842	-150.192	0.768987	-0.139731	0.623807	296.964	
-0.638473	-0.0680231	0.766633	622.555	-0.0619634	-0.98831	-0.139297	-150.513	0.767146	-0.136441	0.626794	298.018	
-0.645204	-0.0661898	0.761138	623.945	-0.0648157	-0.987907	-0.140853	-150.713	0.761256	-0.140213	0.633111	298.785	
-0.639052	-0.0689712	0.766065	625.14	-0.0624066	-0.988038	-0.141016	-151.021	0.766628	-0.137924	0.627104	299.803	
-0.632787	-0.0722237	0.77095	626.213	-0.0614668	-0.987813	-0.142991	-151.296	0.771882	-0.137871	0.620636	300.958	
-0.63138	-0.075129	0.771826	627.318	-0.059455	-0.987677	-0.144776	-151.619	0.773191	-0.137298	0.619133	302.068	
-0.633191	-0.0767415	0.770182	628.534	-0.058555	-0.987471	-0.146532	-152.022	0.771777	-0.137881	0.620764	303.027	
-0.636823	-0.0738565	0.767465	629.747	-0.0629625	-0.987095	-0.147237	-152.226	0.768435	-0.142085	0.623954	304.05	
-0.636	-0.0692326	0.768577	631.269	-0.0669709	-0.987258	-0.14435	-152.583	0.768777	-0.143279	0.62326	304.393	
-0.607577	-0.0676415	0.791375	632.439	-0.0743722	-0.987144	-0.141474	-152.881	0.790771	-0.144813	0.594736	305.442	
-0.594549	-0.0644438	0.801473	633.648	-0.0802596	-0.987048	-0.138904	-153.242	0.800044	-0.146911	0.581676	306.426	
-0.570905	-0.0621288	0.818662	634.901	-0.0870208	-0.986937	-0.135584	-153.591	0.816392	-0.148646	0.55804	307.359	
-0.564916	-0.0637096	0.822685	636.312	-0.0847569	-0.987261	-0.134655	-153.927	0.820784	-0.145797	0.552319	308.034	
-0.573755	-0.0655004	0.816403	637.547	-0.0825314	-0.9871	-0.137197	-154.28	0.814858	-0.146097	0.560948	308.987	
-0.595407	-0.0696939	0.800396	638.821	-0.0745797	-0.987134	-0.141433	-154.688	0.799955	-0.143904	0.582549	309.865	
-0.62748	-0.072474	0.775252	639.995	-0.0664519	-0.987042	-0.146058	-155.018	0.775792	-0.143166	0.614533	310.902	
-0.648163	-0.0757443	0.757725	641.223	-0.0608806	-0.986701	-0.150711	-155.269	0.759064	-0.143816	0.634932	311.896	
-0.6633	-0.0780854	0.744269	642.669	-0.0633025	-0.985122	-0.159771	-155.147	0.745671	-0.15309	0.648489	312.571	
-0.659008	-0.0777635	0.748105	643.835	-0.0639794	-0.98524	-0.158773	-155.565	0.74941	-0.152496	0.644305	313.583	
-0.6561	-0.0795918	0.750466	645.047	-0.063089	-0.985158	-0.159638	-155.91	0.752033	-0.152085	0.64134	314.57	
-0.65001	-0.0812858	0.755566	646.199	-0.0623483	-0.985206	-0.159629	-156.22	0.757364	-0.150869	0.635326	315.636	
-0.649039	-0.0804151	0.756493	647.358	-0.0633713	-0.985227	-0.159099	-156.599	0.758111	-0.151202	0.634355	316.671	
-0.655405	-0.0815422	0.750863	648.546	-0.0590465	-0.98558	-0.158572	-157.004	0.752966	-0.148265	0.64114	317.664	
-0.659229	-0.0802005	0.747653	649.692	-0.0606881	-0.985377	-0.159212	-157.397	0.749489	-0.150331	0.644722	318.709	
-0.661988	-0.0805385	0.745175	650.832	-0.0604886	-0.985226	-0.160219	-157.734	0.74707	-0.151138	0.647336	319.78	
-0.662824	-0.0774218	0.744762	651.985	-0.0632206	-0.985302	-0.158692	-158.067	0.746101	-0.152269	0.648187	320.838	
-0.657128	-0.0790639	0.749621	653.12	-0.0622034	-0.985404	-0.158461	-158.428	0.751208	-0.150758	0.642619	321.906	
-0.648993	-0.0821561	0.756345	654.18	-0.0635978	-0.984814	-0.161544	-158.633	0.758131	-0.152943	0.633913	323.087	
-0.642878	-0.0824142	0.761522	655.394	-0.0635859	-0.985021	-0.160281	-159.038	0.763324	-0.151463	0.628008	324.047	
-0.633856	-0.0839163	0.768886	656.62	-0.0620844	-0.985369	-0.158725	-159.387	0.770956	-0.148344	0.619372	325.015	
-0.633715	-0.0826103	0.769143	657.833	-0.063016	-0.985464	-0.157765	-159.8	0.770996	-0.148446	0.619298	325.973	
-0.635016	-0.0852873	0.767776	658.983	-0.0594926	-0.985536	-0.158682	-160.179	0.770204	-0.146443	0.620757	327.018	
-0.642456	-0.0861659	0.761463	660.159	-0.057106	-0.985512	-0.1597	-160.524	0.764192	-0.146084	0.628227	328.047	
-0.644487	-0.0863434	0.759724	661.332	-0.0536872	-0.986041	-0.157608	-160.891	0.762728	-0.142364	0.630855	329.071	
-0.646733	-0.0834719	0.758135	662.453	-0.053838	-0.986518	-0.154544	-161.299	0.760814	-0.140765	0.633519	330.138	
-0.652458	-0.0829337	0.753273	663.604	-0.0533295	-0.986505	-0.154804	-161.616	0.755946	-0.141175	0.63923	331.203	
-0.653254	-0.0831973	0.752554	664.679	-0.051406	-0.986777	-0.153714	-162.022	0.755392	-0.1391	0.640339	332.316	
-0.652693	-0.0796401	0.753425	665.822	-0.053512	-0.98713	-0.150701	-162.453	0.75573	-0.138679	0.640031	333.35	
-0.647186	-0.0777889	0.758353	666.945	-0.0559346	-0.987253	-0.149004	-162.849	0.760278	-0.138851	0.634585	334.419	
-0.641207	-0.0782263	0.76337	668.087	-0.0584384	-0.986924	-0.150221	-163.173	0.765139	-0.140933	0.628251	335.491	
-0.634945	-0.0769757	0.768713	669.248	-0.0598468	-0.987133	-0.14828	-163.454	0.770236	-0.140154	0.622168	336.555	
-0.627223	-0.0778135	0.774942	670.419	-0.060238	-0.987169	-0.147879	-163.847	0.776506	-0.139434	0.614488	337.572	
-0.629103	-0.0825623	0.772925	671.596	-0.0552958	-0.987071	-0.150444	-164.179	0.775353	-0.137384	0.616404	338.605	
-0.638519	-0.0802827	0.765407	672.762	-0.0543541	-0.987356	-0.148906	-164.59	0.767685	-0.136682	0.626082	339.62	
-0.647047	-0.0809281	0.758143	673.905	-0.0523861	-0.987282	-0.150097	-164.946	0.760648	-0.136836	0.634579	340.682	
-0.653208	-0.0827644	0.752642	675.062	-0.0497608	-0.987167	-0.151741	-165.355	0.755542	-0.13657	0.640707	341.708	
-0.65321	-0.0811265	0.752819	676.191	-0.0516846	-0.987147	-0.151225	-165.796	0.755411	-0.13769	0.640621	342.753	
-0.64977	-0.0816593	0.755732	677.348	-0.0512021	-0.987253	-0.150699	-166.16	0.758404	-0.136615	0.637307	343.796	
-0.647272	-0.0836178	0.757659	678.473	-0.0520976	-0.986788	-0.153412	-166.442	0.760477	-0.138772	0.634363	344.898	
-0.647347	-0.0848512	0.757458	679.644	-0.0524567	-0.986468	-0.155336	-166.75	0.760388	-0.14029	0.634136	345.944	
-0.649467	-0.0838216	0.755756	680.799	-0.0542403	-0.986267	-0.156	-167.119	0.758453	-0.142309	0.636001	346.988	
-0.647692	-0.0805224	0.757636	681.847	-0.056579	-0.986571	-0.153222	-167.435	0.759799	-0.142107	0.634438	348.155	
-0.650734	-0.082537	0.754806	682.977	-0.0529577	-0.98672	-0.153552	-167.789	0.757456	-0.139895	0.637722	349.23	
-0.656684	-0.0828134	0.749605	684.149	-0.0502508	-0.986939	-0.153055	-168.201	0.75249	-0.138177	0.643946	350.24	
-0.657469	-0.082435	0.748959	685.374	-0.0494603	-0.987132	-0.152068	-168.508	0.751856	-0.137024	0.644931	351.222	
-0.65947	-0.0813943	0.747311	686.491	-0.049274	-0.987303	-0.151015	-168.879	0.750114	-0.136413	0.647086	352.306	
-0.665071	-0.0797326	0.742511	687.638	-0.0499843	-0.987301	-0.15079	-169.201	0.745105	-0.1374	0.652641	353.374	
-0.663308	-0.0768506	0.74439	688.627	-0.0534836	-0.987301	-0.149587	-169.59	0.746433	-0.139035	0.650774	354.57	
-0.65731	-0.0766283	0.749714	689.808	-0.0559995	-0.9871	-0.149989	-169.905	0.751536	-0.140573	0.64454	355.602	
-0.650693	-0.0788999	0.75523	690.956	-0.0576142	-0.98659	-0.15271	-170.154	0.757152	-0.142879	0.637422	356.688	
-0.645458	-0.0801593	0.759578	692.081	-0.0580521	-0.986453	-0.153432	-170.521	0.761587	-0.143129	0.63206	357.766	
-0.64454	-0.0802371	0.760349	693.218	-0.0582463	-0.986435	-0.15347	-170.884	0.762349	-0.143205	0.631124	358.831	
-0.645544	-0.078571	0.75967	694.376	-0.0600718	-0.986388	-0.153067	-171.222	0.761357	-0.144446	0.632037	359.882	
-0.644435	-0.0744691	0.761024	695.47	-0.0639386	-0.986513	-0.150677	-171.578	0.761981	-0.14576	0.630982	360.993	
-0.641362	-0.0754248	0.763522	696.589	-0.0631548	-0.986589	-0.150511	-171.98	0.764635	-0.144752	0.627998	362.064	
-0.636806	-0.0752634	0.767342	697.66	-0.0638135	-0.986665	-0.149733	-172.33	0.768379	-0.144318	0.623512	363.2	
-0.634156	-0.0754538	0.769515	698.863	-0.0633965	-0.986802	-0.149005	-172.683	0.770602	-0.143277	0.621003	364.194	
-0.633896	-0.070904	0.770161	700.003	-0.0678849	-0.986845	-0.146727	-173.071	0.770433	-0.145292	0.620744	365.248	
-0.632318	-0.0696126	0.771575	701.072	-0.0691986	-0.986899	-0.145749	-173.365	0.771612	-0.145551	0.619217	366.402	
-0.632754	-0.0698235	0.771199	702.278	-0.0694025	-0.986805	-0.146288	-173.661	0.771237	-0.146087	0.619558	367.411	
-0.623835	-0.0700919	0.778407	703.391	-0.0727873	-0.986431	-0.147157	-173.893	0.77816	-0.14846	0.610268	368.537	
-0.606135	-0.0678131	0.792466	704.572	-0.0810471	-0.985906	-0.146357	-174.35	0.791222	-0.152939	0.592096	369.514	
-0.585289	-0.0716004	0.807657	705.716	-0.0845434	-0.985275	-0.148613	-174.708	0.806405	-0.155264	0.570617	370.574	
-0.586722	-0.0775688	0.806065	706.671	-0.0787294	-0.985222	-0.152115	-175.088	0.805952	-0.15271	0.571944	371.801	
-0.598208	-0.0785616	0.79748	707.83	-0.0777966	-0.984788	-0.155371	-175.472	0.797555	-0.154985	0.582996	372.833	
-0.59825	-0.079401	0.797366	708.96	-0.0773241	-0.984714	-0.156072	-175.829	0.79757	-0.155026	0.582966	373.909	
-0.600045	-0.0780484	0.79615	710.176	-0.0760126	-0.985163	-0.153867	-176.184	0.796347	-0.152845	0.58521	374.886	
-0.612475	-0.0796114	0.786471	711.479	-0.0718953	-0.985182	-0.155716	-176.421	0.787214	-0.151915	0.597676	375.785	
-0.627249	-0.0774532	0.774958	713.011	-0.0658654	-0.986202	-0.151877	-176.829	0.776029	-0.146308	0.613493	375.576	
-0.621568	-0.0795401	0.779312	714.237	-0.0655919	-0.986054	-0.152956	-177.121	0.78061	-0.146189	0.607682	376.562	
-0.615759	-0.0751145	0.784346	715.377	-0.0705793	-0.986186	-0.149853	-177.6	0.784767	-0.147632	0.601951	377.578	
-0.610314	-0.0725079	0.788835	716.542	-0.0719548	-0.986611	-0.146358	-178.112	0.788885	-0.146085	0.596925	378.547	
-0.599549	-0.0720448	0.797088	717.775	-0.0766012	-0.986202	-0.146755	-178.425	0.796663	-0.149045	0.585758	379.517	
-0.58562	-0.0655911	0.807927	719.005	-0.0842123	-0.986404	-0.141121	-178.923	0.806199	-0.150681	0.572135	380.411	
-0.576456	-0.0682461	0.814274	720.214	-0.0824157	-0.986569	-0.141032	-179.261	0.812962	-0.148407	0.563088	381.403	
-0.573681	-0.0684393	0.816215	721.347	-0.0849522	-0.986157	-0.142398	-179.713	0.814662	-0.15103	0.559925	382.439	
-0.572829	-0.0726544	0.816448	722.683	-0.0810977	-0.986153	-0.144655	-180.184	0.815653	-0.149075	0.559005	383.183	
-0.576099	-0.0755826	0.813878	723.907	-0.079932	-0.985734	-0.148122	-180.49	0.813462	-0.150388	0.561839	384.167	
-0.582047	-0.076977	0.809503	725.146	-0.0777044	-0.985688	-0.149602	-180.821	0.809434	-0.149977	0.567736	385.123	
-0.591873	-0.0812124	0.801929	726.449	-0.0730833	-0.985406	-0.153733	-181.121	0.802711	-0.149598	0.5773	386.002	
-0.598073	-0.0762995	0.797801	727.731	-0.0727409	-0.986181	-0.148846	-181.542	0.798134	-0.147054	0.584258	386.862	
-0.600643	-0.077422	0.79576	729.015	-0.0701945	-0.98635	-0.148948	-181.859	0.79643	-0.145323	0.58701	387.763	
-0.601663	-0.0767119	0.795058	730.226	-0.0677344	-0.986892	-0.146479	-182.221	0.795873	-0.141984	0.58858	388.743	
-0.601304	-0.0770218	0.795299	731.487	-0.0680807	-0.986785	-0.14704	-182.573	0.796115	-0.14256	0.588114	389.663	
-0.602425	-0.0735091	0.794783	732.706	-0.0709816	-0.986871	-0.145077	-182.977	0.795013	-0.143813	0.589298	390.618	
-0.606123	-0.0747933	0.791846	733.989	-0.0688671	-0.986895	-0.145931	-183.313	0.792384	-0.142984	0.593029	391.513	
-0.610807	-0.07273	0.788432	735.253	-0.0664077	-0.987558	-0.142545	-183.804	0.788989	-0.139426	0.598378	392.362	
-0.616396	-0.0724583	0.784095	736.444	-0.0694258	-0.986879	-0.145775	-184.112	0.784369	-0.144292	0.603278	393.385	
-0.62408	-0.0730315	0.77794	737.69	-0.0663403	-0.987075	-0.145884	-184.459	0.778539	-0.142652	0.611169	394.326	
-0.626445	-0.0715475	0.776175	738.825	-0.0692218	-0.986737	-0.146826	-184.812	0.776386	-0.145706	0.613184	395.397	
-0.633029	-0.0711796	0.770849	740.008	-0.068237	-0.986757	-0.147153	-185.201	0.771115	-0.145753	0.619788	396.403	
-0.644378	-0.0713456	0.761372	741.171	-0.0673679	-0.986471	-0.149455	-185.574	0.761734	-0.147597	0.630853	397.436	
-0.652135	-0.0685109	0.755001	742.251	-0.0667757	-0.986846	-0.147227	-185.96	0.755156	-0.146428	0.638982	398.551	
-0.660397	-0.0719694	0.74746	743.457	-0.0616525	-0.986839	-0.149489	-186.328	0.748381	-0.144805	0.647269	399.536	
-0.664432	-0.0710138	0.743967	744.652	-0.0612477	-0.986953	-0.148907	-186.734	0.744835	-0.144505	0.651413	400.52	
-0.667064	-0.0726696	0.741448	745.876	-0.0587244	-0.987006	-0.14957	-187.068	0.742682	-0.143314	0.654128	401.495	
-0.665257	-0.0689948	0.743419	746.883	-0.0658134	-0.986426	-0.150442	-187.451	0.743708	-0.149009	0.651686	402.678	
-0.662799	-0.068741	0.745635	748.07	-0.0678251	-0.986173	-0.151206	-187.81	0.745719	-0.150792	0.648972	403.689	
-0.649186	-0.0586636	0.758364	748.316	-0.0708207	-0.988029	-0.137054	-188.73	0.757326	-0.142682	0.63726	404.975	
-0.647546	-0.0564829	0.75993	749.443	-0.0716585	-0.988317	-0.134519	-189.085	0.758649	-0.141563	0.635933	406.053	
-0.643831	-0.0568016	0.763056	750.641	-0.0718157	-0.988353	-0.134167	-189.379	0.76179	-0.141181	0.632253	407.073	
-0.638146	-0.0584489	0.767693	751.873	-0.072676	-0.988089	-0.135641	-189.68	0.766477	-0.142352	0.626298	408.048	
-0.631615	-0.0568881	0.773192	753.143	-0.0743875	-0.988256	-0.133478	-190.014	0.771705	-0.141823	0.619965	408.962	
-0.618074	-0.0549692	0.784196	754.36	-0.0795198	-0.988064	-0.131934	-190.381	0.782088	-0.143904	0.606325	409.934	
-0.601325	-0.055072	0.797105	755.577	-0.0832211	-0.987879	-0.131033	-190.587	0.794659	-0.14513	0.589453	410.951	
-0.594655	-0.0541032	0.802159	756.224	-0.0880092	-0.987357	-0.131837	-190.925	0.79915	-0.148995	0.582375	412.375	
-0.607513	-0.0558979	0.79234	757.503	-0.0838533	-0.987433	-0.133954	-191.199	0.789871	-0.147819	0.595191	413.297	
-0.60335	-0.0609381	0.795145	757.821	-0.0811152	-0.987215	-0.137207	-191.298	0.793341	-0.147282	0.590693	414.862	
-0.614553	-0.062155	0.786423	759.085	-0.079757	-0.986888	-0.140325	-191.638	0.784833	-0.14896	0.601538	415.782	
-0.627497	-0.0643474	0.775955	760.178	-0.0743533	-0.987073	-0.141982	-191.875	0.775061	-0.146788	0.614601	416.926	
-0.642621	-0.0639068	0.763514	761.442	-0.0717386	-0.987119	-0.143002	-192.286	0.762818	-0.14667	0.629759	417.817	
-0.661384	-0.0656004	0.747173	762.497	-0.0672854	-0.986962	-0.146213	-192.599	0.747023	-0.146977	0.648347	418.978	
-0.678212	-0.0695881	0.731564	763.467	-0.06135	-0.986669	-0.15073	-192.686	0.732301	-0.147109	0.664902	420.248	
-0.709195	-0.0743789	0.701078	764.937	-0.0561451	-0.985302	-0.161328	-192.329	0.702773	-0.153775	0.694596	419.725	
-0.719848	-0.0786103	0.689666	766.351	-0.0518024	-0.984712	-0.16631	-192.287	0.692196	-0.155444	0.704771	420.473	
-0.724024	-0.0764414	0.685526	767.641	-0.0522876	-0.984899	-0.165048	-192.767	0.68779	-0.155343	0.709094	421.288	
-0.722073	-0.0715459	0.688108	768.842	-0.0558493	-0.985363	-0.161059	-193.466	0.689559	-0.154727	0.707508	422.082	
-0.71606	-0.0650505	0.695001	770.095	-0.065239	-0.985054	-0.159415	-194.046	0.694983	-0.159492	0.701114	422.891	
-0.707839	-0.0636887	0.703497	771.253	-0.0691199	-0.984903	-0.158711	-194.425	0.702984	-0.160968	0.69275	423.927	
-0.715833	-0.0676927	0.694983	772.547	-0.0692056	-0.983512	-0.167078	-193.961	0.694834	-0.167696	0.699345	423.109	
-0.721757	-0.0790066	0.687622	773.89	-0.0659765	-0.981087	-0.181977	-193.235	0.688994	-0.17671	0.702894	422.629	
-0.71666	-0.0782707	0.693017	774.968	-0.0679957	-0.981107	-0.181124	-193.575	0.6941	-0.176926	0.697798	423.761	
-0.707328	-0.0815051	0.702171	774.135	-0.0680367	-0.980869	-0.182392	-193.623	0.703603	-0.176784	0.688251	422.396	
-0.701116	-0.081459	0.708379	775.393	-0.0683542	-0.9812	-0.180485	-194.107	0.709764	-0.174962	0.682367	423.259	
-0.696654	-0.0828689	0.712605	776.825	-0.0681789	-0.981163	-0.180752	-194.107	0.71416	-0.174507	0.677881	423.972	
-0.695269	-0.0713827	0.715196	777.583	-0.0719136	-0.983154	-0.168037	-195.46	0.715143	-0.168263	0.678423	423.579	
-0.689395	-0.0700379	0.720992	778.099	-0.0716704	-0.983837	-0.1641	-196.799	0.720831	-0.164804	0.673233	424.286	
0.625918	-0.777194	-0.0647749	777.235	-0.00329288	-0.0856894	0.996316	-197.883	-0.779882	-0.623399	-0.0561938	423.487	
0.626688	-0.775936	-0.0720122	775.7	0.00312698	-0.0899051	0.995945	-198.271	-0.779264	-0.624372	-0.0539161	423.25	
0.627258	-0.775783	-0.0686164	775.925	0.00277722	-0.0858754	0.996302	-196.71	-0.778807	-0.625129	-0.0517115	422.982	
0.627258	-0.775783	-0.0686164	776.035	0.00277722	-0.0858754	0.996302	-198.304	-0.778807	-0.625129	-0.0517115	423.064	
0.627258	-0.775783	-0.0686164	776.144	0.00277722	-0.0858754	0.996302	-199.898	-0.778807	-0.625129	-0.0517115	423.147	
0.627258	-0.775783	-0.0686164	776.254	0.00277722	-0.0858754	0.996302	-201.492	-0.778807	-0.625129	-0.0517115	423.23	
0.627258	-0.775783	-0.0686164	776.364	0.00277722	-0.0858754	0.996302	-203.086	-0.778807	-0.625129	-0.0517115	423.313	
0.627258	-0.775783	-0.0686164	776.474	0.00277722	-0.0858754	0.996302	-204.68	-0.778807	-0.625129	-0.0517115	423.395	
0.627258	-0.775783	-0.0686164	776.584	0.00277722	-0.0858754	0.996302	-206.274	-0.778807	-0.625129	-0.0517115	423.478	
0.627258	-0.775783	-0.0686164	776.693	0.00277722	-0.0858754	0.996302	-207.868	-0.778807	-0.625129	-0.0517115	423.561	
0.627258	-0.775783	-0.0686164	776.803	0.00277722	-0.0858754	0.996302	-209.462	-0.778807	-0.625129	-0.0517115	423.644	
0.627258	-0.775783	-0.0686164	776.913	0.00277722	-0.0858754	0.996302	-211.056	-0.778807	-0.625129	-0.0517115	423.726	
